#
#"Frequency / GHz"	"S1,1 [Real/Imaginary Part] [Re]"	"S1,1 [Real/Imaginary Part] [Im]"
#-------------------------------------------------------------------------------------
5.0000000000000	0.93322329291814	0.35391419453333
5.0050000000000	0.93531042948693	0.34835004625332
5.0100000000000	0.93736437333063	0.34277363049865
5.0150000000000	0.93938492315757	0.33718550193548
5.0200000000000	0.94137231274500	0.33158501946547
5.0250000000000	0.94332631173281	0.32597281893590
5.0300000000000	0.94524700937212	0.32034863575399
5.0350000000000	0.94713384763667	0.31471410733666
5.0400000000000	0.94898741485434	0.30906748304686
5.0450000000000	0.95080729838694	0.30341000194241
5.0500000000000	0.95259346527413	0.29774175253232
5.0550000000000	0.95434569366470	0.29206347193197
5.0600000000000	0.95606433550996	0.28637398446905
5.0650000000000	0.95774907409869	0.28067432956699
5.0700000000000	0.95939981809137	0.27496480061154
5.0750000000000	0.96101639440506	0.26924603246156
5.0800000000000	0.96259887336913	0.26351776602270
5.0850000000000	0.96414735094815	0.25777966316342
5.0900000000000	0.96566172228320	0.25203206374021
5.0950000000000	0.96714159871381	0.24627648369532
5.1000000000000	0.96858750940387	0.24051082176737
5.1050000000000	0.96999881352875	0.23473762658517
5.1100000000000	0.97137582836353	0.22895562992586
5.1150000000000	0.97271836450218	0.22316560198663
5.1200000000000	0.97402638628454	0.21736769172374
5.1250000000000	0.97529995652820	0.21156160655548
5.1300000000000	0.97653890416608	0.20574811107041
5.1350000000000	0.97774310215473	0.19992782373410
5.1400000000000	0.97891260212109	0.19410051141880
5.1450000000000	0.98004746506121	0.18826585494685
5.1500000000000	0.98114763532635	0.18242410220399
5.1550000000000	0.98221289771662	0.17657638496214
5.1600000000000	0.98324322672388	0.17072288760026
5.1650000000000	0.98423882270117	0.16486247495062
5.1700000000000	0.98519948451404	0.15899626429120
5.1750000000000	0.98612517551827	0.15312447255161
5.1800000000000	0.98701587556251	0.14724724908361
5.1850000000000	0.98787154301638	0.14136485433478
5.1900000000000	0.98869214135962	0.13547755084209
5.1950000000000	0.98947778253386	0.12958447079395
5.2000000000000	0.99022811534658	0.12368828467005
5.2050000000000	0.99094347985817	0.11778632901293
5.2100000000000	0.99162361077992	0.11188071571767
5.2150000000000	0.99226854615536	0.10597115413916
5.2200000000000	0.99287820809200	0.10005840909305
5.2250000000000	0.99345276957430	0.094140684642352
5.2300000000000	0.99399197662509	0.088220617118204
5.2350000000000	0.99449597638833	0.082296547953473
5.2400000000000	0.99496459652610	0.076370554444671
5.2450000000000	0.99539793503417	0.070441380767405
5.2500000000000	0.99579596704579	0.064509313066576
5.2550000000000	0.99615861662434	0.058575452943643
5.2600000000000	0.99648592586151	0.052639117609374
5.2650000000000	0.99677781445053	0.046701876653329
5.2700000000000	0.99703438125325	0.040761626389355
5.2750000000000	0.99725554601842	0.034819941003962
5.2800000000000	0.99744127107536	0.028878070343552
5.2850000000000	0.99759158796317	0.022935202364802
5.2900000000000	0.99770651047092	0.016990600784111
5.2950000000000	0.99778601276117	0.011044947378711
5.3000000000000	0.99783007497601	0.0050994570733150
5.3050000000000	0.99783871131805	-0.00084566823361675
5.3100000000000	0.99781191268668	-0.0067917176965341
5.3150000000000	0.99774967835253	-0.012737467231878
5.3200000000000	0.99765201123606	-0.018682713886513
5.3250000000000	0.99751894125326	-0.024626281335409
5.3300000000000	0.99735042895538	-0.030569887938079
5.3350000000000	0.99714650076186	-0.036512365161168
5.3400000000000	0.99690715900798	-0.042453509379065
5.3450000000000	0.99663241552508	-0.048393082718414
5.3500000000000	0.99632228479268	-0.054330889863819
5.3550000000000	0.99597671180149	-0.060267679092729
5.3600000000000	0.99559579273018	-0.066201804358113
5.3650000000000	0.99517955210058	-0.072133033087454
5.3700000000000	0.99472793392661	-0.078062134950169
5.3750000000000	0.99424098900932	-0.083988425549204
5.3800000000000	0.99371864493164	-0.089912638534841
5.3850000000000	0.99316109209549	-0.095832658137177
5.3900000000000	0.99256826463564	-0.10174922396718
5.3950000000000	0.99194013946251	-0.10766259209025
5.4000000000000	0.99127678126684	-0.11357208588127
5.4050000000000	0.99057820983810	-0.11947752285580
5.4100000000000	0.98984446271428	-0.12537861152240
5.4150000000000	0.98907542488535	-0.13127619669014
5.4200000000000	0.98827137418973	-0.13716812525811
5.4250000000000	0.98743209093880	-0.14305605646843
5.4300000000000	0.98655793864922	-0.14893743839011
5.4350000000000	0.98564852704954	-0.15481490922030
5.4400000000000	0.98470417698195	-0.16068634451179
5.4450000000000	0.98372476543785	-0.16655251748694
5.4500000000000	0.98271048941554	-0.17241222162417
5.4550000000000	0.98166113638870	-0.17826669704523
5.4600000000000	0.98057698344014	-0.18411434054717
5.4650000000000	0.97945799550831	-0.18995539992567
5.4700000000000	0.97830431170900	-0.19578914878733
5.4750000000000	0.97711567584892	-0.20161686685982
5.4800000000000	0.97589232870206	-0.20743735071995
5.4850000000000	0.97463430492770	-0.21325041264093
5.4900000000000	0.97334175879286	-0.21905537775533
5.4950000000000	0.97201441171761	-0.22485346852518
5.5000000000000	0.97065263423484	-0.23064304859829
5.5050000000000	0.96925626140903	-0.23642482554880
5.5100000000000	0.96782555470849	-0.24219771258808
5.5150000000000	0.96636046949684	-0.24796191698901
5.5200000000000	0.96486080662333	-0.25371819007323
5.5250000000000	0.96332697951879	-0.25946491970058
5.5300000000000	0.96175877903158	-0.26520288522432
5.5350000000000	0.96015668021707	-0.27093039420652
5.5400000000000	0.95852005574822	-0.27664964715262
5.5450000000000	0.95684962793947	-0.28235810416576
5.5500000000000	0.95514493031357	-0.28805737476409
5.5550000000000	0.95340656889959	-0.29374543095475
5.5600000000000	0.95163418597604	-0.29942346011750
5.5650000000000	0.94982783513376	-0.30509125367203
5.5700000000000	0.94798787026462	-0.31074770589082
5.5750000000000	0.94611407685869	-0.31639349007766
5.5800000000000	0.94420680235967	-0.32202753875648
5.5850000000000	0.94226565695405	-0.32765100592675
5.5900000000000	0.94029102554867	-0.33326275106213
5.5950000000000	0.93828328796086	-0.33886171351774
5.6000000000000	0.93624188192690	-0.34444947055962
5.6050000000000	0.93416719343729	-0.35002492862257
5.6100000000000	0.93205946867244	-0.35558745090178
5.6150000000000	0.92991844775671	-0.36113772616690
5.6200000000000	0.92774437410057	-0.36667510424361
5.6250000000000	0.92553714742499	-0.37219983024188
5.6300000000000	0.92329700797954	-0.37771129532351
5.6350000000000	0.92102405936090	-0.38320924874140
5.6400000000000	0.91871854375774	-0.38869310791300
5.6450000000000	0.91638019088388	-0.39416352198117
5.6500000000000	0.91400926703356	-0.39961985839686
5.6550000000000	0.91160564357388	-0.40506239892094
5.6600000000000	0.90916982054743	-0.41049002534993
5.6650000000000	0.90670166529692	-0.41590301666758
5.6700000000000	0.90420108313681	-0.42130159922339
5.6750000000000	0.90166835811067	-0.42668513501615
5.6800000000000	0.89910377972437	-0.43205302458069
5.6850000000000	0.89650661421134	-0.43740679355414
5.6900000000000	0.89387798858902	-0.44274408704790
5.6950000000000	0.89121716190608	-0.44806642944925
5.7000000000000	0.88852528761920	-0.45337151449841
5.7050000000000	0.88580137578463	-0.45866130361544
5.7100000000000	0.88304578731805	-0.46393507725691
5.7150000000000	0.88025899776421	-0.46919191761454
5.7200000000000	0.87744090574263	-0.47443202471610
5.7250000000000	0.87459138835354	-0.47965562481917
5.7300000000000	0.87171077891633	-0.48486209397494
5.7350000000000	0.86879893259820	-0.49005168891816
5.7400000000000	0.86585690776071	-0.49522253700508
5.7450000000000	0.86288360968633	-0.50037657486550
5.7500000000000	0.85987938726056	-0.50551317338045
5.7550000000000	0.85684460478366	-0.51063169905567
5.7600000000000	0.85377934284967	-0.51573202105515
5.7650000000000	0.85068371661426	-0.52081394618697
5.7700000000000	0.84755809273733	-0.52587687690419
5.7750000000000	0.84440183400865	-0.53092184465418
5.7800000000000	0.84121552223354	-0.53594790082911
5.7850000000000	0.83799955250957	-0.54095443025692
5.7900000000000	0.83475353572605	-0.54594204247875
5.7950000000000	0.83147782214767	-0.55091018173746
5.8000000000000	0.82817253846862	-0.55585866887885
5.8050000000000	0.82483779850752	-0.56078732971575
5.8100000000000	0.82147373517548	-0.56569596866775
5.8150000000000	0.81808018666858	-0.57058481449007
5.8200000000000	0.81465750494014	-0.57545334424672
5.8250000000000	0.81120588219826	-0.58030130210919
5.8300000000000	0.80772540143167	-0.58512856158959
5.8350000000000	0.80421620085380	-0.58993493314680
5.8400000000000	0.80067837416944	-0.59472028794489
5.8450000000000	0.79711208710797	-0.59948440286467
5.8500000000000	0.79351715951058	-0.60422751620932
5.8550000000000	0.78989399223094	-0.60894908223431
5.8600000000000	0.78624243638502	-0.61364930244942
5.8650000000000	0.78256354069759	-0.61832682641065
5.8700000000000	0.77885617180369	-0.62298308971633
5.8750000000000	0.77512140598370	-0.62761674617481
5.8800000000000	0.77135846051031	-0.63222875810637
5.8850000000000	0.76756870258919	-0.63681744068200
5.8900000000000	0.76375133693470	-0.64138377555954
5.8950000000000	0.75990646975884	-0.64592761665533
5.9000000000000	0.75603487398495	-0.65044805051463
5.9050000000000	0.75213612334425	-0.65494557923409
5.9100000000000	0.74821122334664	-0.65941905182810
5.9150000000000	0.74425904046307	-0.66386975049108
5.9200000000000	0.74028008676243	-0.66829708803732
5.9250000000000	0.73627512210180	-0.67270021599533
5.9300000000000	0.73224396627530	-0.67707934312518
5.9350000000000	0.72818644062837	-0.68143465868226
5.9400000000000	0.72410299346617	-0.68576567055370
5.9450000000000	0.71999378448362	-0.69007220898565
5.9500000000000	0.71585930296866	-0.69435376877315
5.9550000000000	0.71169868486640	-0.69861124260180
5.9600000000000	0.70751305432778	-0.70284347142209
5.9650000000000	0.70330194888993	-0.70705093008371
5.9700000000000	0.69906614470702	-0.71123283136822
5.9750000000000	0.69480516256477	-0.71538965837569
5.9800000000000	0.69051941508701	-0.71952099670162
5.9850000000000	0.68620875818372	-0.72362698540440
5.9900000000000	0.68187442367794	-0.72770645721648
5.9950000000000	0.67751511760508	-0.73176062615844
6.0000000000000	0.67313166972276	-0.73578871194001
6.0050000000000	0.66872429543765	-0.73979051493145
6.0100000000000	0.66429315936058	-0.74376589014286
6.0150000000000	0.65983834097141	-0.74771476102678
6.0200000000000	0.65536007339661	-0.75163692574526
6.0250000000000	0.65085808370954	-0.75553261819787
6.0300000000000	0.64633334971731	-0.75940099113062
6.0350000000000	0.64178524884021	-0.76324257800915
6.0400000000000	0.63721395129344	-0.76705722513192
6.0450000000000	0.63262068047279	-0.77084391566973
6.0500000000000	0.62800416393899	-0.77460369701723
6.0550000000000	0.62336612830097	-0.77833516981972
6.0600000000000	0.61870509979293	-0.78203951648242
6.0650000000000	0.61402165212924	-0.78571626142230
6.0700000000000	0.60931680711181	-0.78936460691374
6.0750000000000	0.60459061367390	-0.79298452708145
6.0800000000000	0.59984253525682	-0.79657643169248
6.0850000000000	0.59507271991561	-0.80014019829559
6.0900000000000	0.59028178370660	-0.80367536213691
6.0950000000000	0.58547021289127	-0.80718157422696
6.1000000000000	0.58063697033089	-0.81065957640947
6.1050000000000	0.57578351582280	-0.81410831689805
6.1100000000000	0.57090956659183	-0.81752800892169
6.1150000000000	0.56601531012851	-0.82091851446463
6.1200000000000	0.56110012264224	-0.82428025329326
6.1250000000000	0.55616533883086	-0.82761231513725
6.1300000000000	0.55121080311400	-0.83091480670609
6.1350000000000	0.54623664782918	-0.83418763985101
6.1400000000000	0.54124345079035	-0.83743043846270
6.1450000000000	0.53622982514684	-0.84064410144195
6.1500000000000	0.53119782849415	-0.84382729371107
6.1550000000000	0.52614661183260	-0.84698056555471
6.1600000000000	0.52107670113407	-0.85010358494502
6.1650000000000	0.51598820177146	-0.85319627810261
6.1700000000000	0.51088089198875	-0.85625878369417
6.1750000000000	0.50575588468887	-0.85929043246941
6.1800000000000	0.50061247045489	-0.86229164491968
6.1850000000000	0.49545161427452	-0.86526185830385
6.1900000000000	0.49027236356906	-0.86820161186718
6.1950000000000	0.48507565259811	-0.87111037436201
6.2000000000000	0.47986248767761	-0.87398758758227
6.2050000000000	0.47463146345793	-0.87683402656848
6.2100000000000	0.46938347674552	-0.87964919473197
6.2150000000000	0.46411887263304	-0.88243290837493
6.2200000000000	0.45883811955298	-0.88518492819834
6.2250000000000	0.45354068855415	-0.88790552064185
6.2300000000000	0.44822664113351	-0.89059465695432
6.2350000000000	0.44289665131218	-0.89325198458410
6.2400000000000	0.43755140159878	-0.89587716915358
6.2450000000000	0.43219008698653	-0.89847060439269
6.2500000000000	0.42681340357179	-0.90103195188493
6.2550000000000	0.42142116465766	-0.90356129407899
6.2600000000000	0.41601432458548	-0.90605818703481
6.2650000000000	0.41059267976384	-0.90852273094090
6.2700000000000	0.40515597416317	-0.91095503192783
6.2750000000000	0.39970537133986	-0.91335457441551
6.2800000000000	0.39423962240772	-0.91572189894524
6.2850000000000	0.38876038402331	-0.91805629174798
6.2900000000000	0.38326724836610	-0.92035792445819
6.2950000000000	0.37776003867188	-0.92262687485191
6.3000000000000	0.37223940729217	-0.92486285686381
6.3050000000000	0.36670599361562	-0.92706562933182
6.3100000000000	0.36115863728124	-0.92923564202879
6.3150000000000	0.35559889536692	-0.93137228549945
6.3200000000000	0.35002652578139	-0.93347565567605
6.3250000000000	0.34444165911409	-0.93554570634689
6.3300000000000	0.33884368698404	-0.93758265173507
6.3350000000000	0.33323458253968	-0.93958577348042
6.3400000000000	0.32761273611358	-0.94155564761104
6.3450000000000	0.32198014015779	-0.94349157698780
6.3500000000000	0.31633514961714	-0.94539412847774
6.3550000000000	0.31067897483063	-0.94726288265737
6.3600000000000	0.30501179297978	-0.94909778413808
6.3650000000000	0.29933460809608	-0.95089851726301
6.3700000000000	0.29364548979611	-0.95266568905964
6.3750000000000	0.28794635702459	-0.95439869133963
6.3800000000000	0.28223648943017	-0.95609774715350
6.3850000000000	0.27651671011543	-0.95776260920344
6.3900000000000	0.27078795357439	-0.95939301377488
6.3950000000000	0.26504825384034	-0.96098951416488
6.4000000000000	0.25929907003981	-0.96255169431784
6.4050000000000	0.25354118461242	-0.96407933979703
6.4100000000000	0.24777428520430	-0.96557254457088
6.4150000000000	0.24199865543262	-0.96703123596242
6.4200000000000	0.23621389125300	-0.96845551084005
6.4250000000000	0.23042075223475	-0.96984517465457
6.4300000000000	0.22461992810666	-0.97120007124657
6.4350000000000	0.21880979673015	-0.97252057165083
6.4400000000000	0.21299274442088	-0.97380612227142
6.4450000000000	0.20716721974833	-0.97505707442830
6.4500000000000	0.20133622452521	-0.97627278339662
6.4550000000000	0.19549631932332	-0.97745398001279
6.4600000000000	0.18964940207442	-0.97860025615080
6.4650000000000	0.18379622531352	-0.97971146322510
6.4700000000000	0.17793701943346	-0.98078757449938
6.4750000000000	0.17207008606793	-0.98182889085103
6.4800000000000	0.16619756111187	-0.98283502688855
6.4850000000000	0.16031915048932	-0.98380603527359
6.4900000000000	0.15443600660882	-0.98474172924791
6.4950000000000	0.14854598756126	-0.98564246011142
6.5000000000000	0.14265075524693	-0.98650794865721
6.5050000000000	0.13675044229767	-0.98733817743699
6.5100000000000	0.13084484554651	-0.98813317749139
6.5150000000000	0.12493598038184	-0.98889268015436
6.5200000000000	0.11902133704848	-0.98961700719777
6.5250000000000	0.11310298825521	-0.99030590113049
6.5300000000000	0.10718020236693	-0.99095945125581
6.5350000000000	0.10125415846690	-0.99157752100421
6.5400000000000	0.095323942709368	-0.99216020585228
6.5450000000000	0.089389966853206	-0.99270745655976
6.5500000000000	0.083453351951143	-0.99321917563363
6.5550000000000	0.077513751609777	-0.99369539103802
6.5600000000000	0.071571525596357	-0.99413608271676
6.5650000000000	0.065626230756549	-0.99454126687098
6.5700000000000	0.059678239178511	-0.99491091994068
6.5750000000000	0.053729062196670	-0.99524495199329
6.5800000000000	0.047777660430980	-0.99554342804356
6.5850000000000	0.041824018635051	-0.99580633183312
6.5900000000000	0.035869505586758	-0.99603360821183
6.5950000000000	0.029913236570079	-0.99622529251434
6.6000000000000	0.023956400819867	-0.99638134530491
6.6050000000000	0.017997909773547	-0.99650179065224
6.6100000000000	0.012039233758322	-0.99658659627068
6.6150000000000	0.0060806935810242	-0.99663576552646
6.6200000000000	0.00012058258893760	-0.99664930298268
6.6250000000000	-0.0058390110716529	-0.99662720179142
6.6300000000000	-0.011798384144272	-0.99656945758304
6.6350000000000	-0.017757206722590	-0.99647608249008
6.6400000000000	-0.023714906232998	-0.99634707935928
6.6450000000000	-0.029672551704240	-0.99618242885436
6.6500000000000	-0.035629249122132	-0.99598214640720
6.6550000000000	-0.041584947356126	-0.99574622559769
6.6600000000000	-0.047537703066999	-0.99547475840926
6.6650000000000	-0.053490170695212	-0.99516761967394
6.6700000000000	-0.059440133742832	-0.99482491765733
6.6750000000000	-0.065388410276700	-0.99444661083286
6.6800000000000	-0.071333796782128	-0.99403276198387
6.6850000000000	-0.077277131694501	-0.99358332615310
6.6900000000000	-0.083217603211778	-0.99309835288333
6.6950000000000	-0.089155474704407	-0.99257782198013
6.7000000000000	-0.095089148760133	-0.99202187251201
6.7050000000000	-0.10102028953110	-0.99143035562050
6.7100000000000	-0.10694737338234	-0.99080341743749
6.7150000000000	-0.11287099475503	-0.99014098906768
6.7200000000000	-0.11878998799833	-0.98944321041507
6.7250000000000	-0.12470618676068	-0.98870985587968
6.7300000000000	-0.13061685726301	-0.98794124999995
6.7350000000000	-0.13652277478153	-0.98713731281977
6.7400000000000	-0.14242429706142	-0.98629798982241
6.7450000000000	-0.14832059591978	-0.98542338730451
6.7500000000000	-0.15421112262347	-0.98451359697365
6.7550000000000	-0.16009693972541	-0.98356845226596
6.7600000000000	-0.16597751568197	-0.98258802185410
6.7650000000000	-0.17185057590637	-0.98157269451387
6.7700000000000	-0.17771797832055	-0.98052216564234
6.7750000000000	-0.18357986497370	-0.97943638513588
6.7800000000000	-0.18943467118048	-0.97831564830407
6.7850000000000	-0.19528220289532	-0.97715999410240
6.7900000000000	-0.20112351274969	-0.97596921557707
6.7950000000000	-0.20695719198906	-0.97474359656628
6.8000000000000	-0.21278436395091	-0.97348289353719
6.8050000000000	-0.21860286250251	-0.97218757578262
6.8100000000000	-0.22441445491665	-0.97085724944217
6.8150000000000	-0.23021738329477	-0.96949231893574
6.8200000000000	-0.23601256135266	-0.96809256281758
6.8250000000000	-0.24179876287369	-0.96665828139309
6.8300000000000	-0.24757671693633	-0.96518929346987
6.8350000000000	-0.25334571841816	-0.96368577783247
6.8400000000000	-0.25910565627243	-0.96214775368828
6.8450000000000	-0.26485620768301	-0.96057531276643
6.8500000000000	-0.27059766266176	-0.95896837803698
6.8550000000000	-0.27632892122004	-0.95732725011625
6.8600000000000	-0.28205071030032	-0.95565172508134
6.8650000000000	-0.28776181264633	-0.95394216187607
6.8700000000000	-0.29346308970589	-0.95219829169858
6.8750000000000	-0.29915473536429	-0.95042005889095
6.8800000000000	-0.30483464494481	-0.94860810332051
6.8850000000000	-0.31050446901481	-0.94676191341979
6.8900000000000	-0.31616174672799	-0.94488228816173
6.8950000000000	-0.32180864425206	-0.94296851407073
6.9000000000000	-0.32744388613688	-0.94102101409683
6.9050000000000	-0.33306775396213	-0.93903969251610
6.9100000000000	-0.33867965585151	-0.93702474813624
6.9150000000000	-0.34427901887230	-0.93497639063686
6.9200000000000	-0.34986677135324	-0.93289427995213
6.9250000000000	-0.35544114065685	-0.93077907173544
6.9300000000000	-0.36100260561155	-0.92863059944559
6.9350000000000	-0.36655206558253	-0.92644850384447
6.9400000000000	-0.37208835365252	-0.92423323886229
6.9450000000000	-0.37761116240967	-0.92198492152210
6.9500000000000	-0.38312045609143	-0.91970357115518
6.9550000000000	-0.38861589158044	-0.91738932882196
6.9600000000000	-0.39409743873759	-0.91504220586924
6.9650000000000	-0.39956566186820	-0.91266196160983
6.9700000000000	-0.40501858168937	-0.91024944184349
6.9750000000000	-0.41045698741936	-0.90780431884844
6.9800000000000	-0.41588148995906	-0.90532630598404
6.9850000000000	-0.42129018506075	-0.90281627017704
6.9900000000000	-0.42668448167611	-0.90027357018274
6.9950000000000	-0.43206269270348	-0.89769898262032
7.0000000000000	-0.43742621859433	-0.89509185050376
7.0050000000000	-0.44277399022149	-0.89245268429537
7.0100000000000	-0.44810668016581	-0.88978113912158
7.0150000000000	-0.45342158772262	-0.88707857374219
7.0200000000000	-0.45872184252164	-0.88434341104118
7.0250000000000	-0.46400478360237	-0.88157699701845
7.0300000000000	-0.46927187257223	-0.87877858086356
7.0350000000000	-0.47452040694393	-0.87594960313114
7.0400000000000	-0.47975354357650	-0.87308836200120
7.0450000000000	-0.48496943747325	-0.87019584980214
7.0500000000000	-0.49016712037101	-0.86727260909252
7.0550000000000	-0.49534793270397	-0.86431789446327
7.0600000000000	-0.50051095966755	-0.86133220592139
7.0650000000000	-0.50565598208540	-0.85831568321691
7.0700000000000	-0.51078279521435	-0.85526844132917
7.0750000000000	-0.51589131548137	-0.85219053050010
7.0800000000000	-0.52098123046120	-0.84908213959862
7.0850000000000	-0.52605323201138	-0.84594283864740
7.0900000000000	-0.53110636840751	-0.84277320384413
7.0950000000000	-0.53613874407947	-0.83957444023038
7.1000000000000	-0.54115351998920	-0.83634454949088
7.1050000000000	-0.54614876096618	-0.83308475004405
7.1100000000000	-0.55112441747844	-0.82979508425807
7.1150000000000	-0.55607942832859	-0.82647625333361
7.1200000000000	-0.56101526797035	-0.82312727561917
7.1250000000000	-0.56593089843001	-0.81974884340445
7.1300000000000	-0.57082700817725	-0.81634047915023
7.1350000000000	-0.57570175933007	-0.81290345536804
7.1400000000000	-0.58055589241373	-0.80943726381466
7.1450000000000	-0.58538912515711	-0.80594210862021
7.1500000000000	-0.59020209897666	-0.80241751318707
7.1550000000000	-0.59499377533757	-0.79886422545044
7.1600000000000	-0.59976336119168	-0.79528284972237
7.1650000000000	-0.60451137391480	-0.79167300966624
7.1700000000000	-0.60923844261110	-0.78803421107513
7.1750000000000	-0.61394434099281	-0.78436661148450
7.1800000000000	-0.61862663635625	-0.78067211582357
7.1850000000000	-0.62328748824667	-0.77694902843002
7.1900000000000	-0.62792591650804	-0.77319812771018
7.1950000000000	-0.63254175390553	-0.76941954693702
7.2000000000000	-0.63713556594989	-0.76561281835588
7.2050000000000	-0.64170577065624	-0.76177923952342
7.2100000000000	-0.64625363099768	-0.75791776693282
7.2150000000000	-0.65077824717147	-0.75402913862757
7.2200000000000	-0.65527873480791	-0.75011414244780
7.2250000000000	-0.65975637927806	-0.74617165445810
7.2300000000000	-0.66421031309185	-0.74220241954772
7.2350000000000	-0.66864036398419	-0.73820660291742
7.2400000000000	-0.67304573236615	-0.73418492613565
7.2450000000000	-0.67742754386138	-0.73013637550254
7.2500000000000	-0.68178569128836	-0.72606102086626
7.2550000000000	-0.68611867332927	-0.72196026895965
7.2600000000000	-0.69042763381763	-0.71783302977849
7.2650000000000	-0.69471108403593	-0.71368073496423
7.2700000000000	-0.69896960157239	-0.70950284218521
7.2750000000000	-0.70320363221513	-0.70529889778873
7.2800000000000	-0.70741241311717	-0.70106964352346
7.2850000000000	-0.71159502790554	-0.69681602042779
7.2900000000000	-0.71575279318661	-0.69253668547064
7.2950000000000	-0.71988541690311	-0.68823192203758
7.3000000000000	-0.72399156165088	-0.68390311522678
7.3050000000000	-0.72807095868581	-0.67955057046826
7.3100000000000	-0.73212553113701	-0.67517224054471
7.3150000000000	-0.73615312468717	-0.67077042715711
7.3200000000000	-0.74015485197412	-0.66634391424240
7.3250000000000	-0.74412934941018	-0.66189421714559
7.3300000000000	-0.74807775475531	-0.65742005631780
7.3350000000000	-0.75199861317118	-0.65292308466631
7.3400000000000	-0.75589304881818	-0.64840201103377
7.3450000000000	-0.75975964165935	-0.64385849110740
7.3500000000000	-0.76360019848696	-0.63929038183653
7.3550000000000	-0.76741267406462	-0.63470011106749
7.3600000000000	-0.77119754556074	-0.63008710741646
7.3650000000000	-0.77495469233811	-0.62545152916933
7.3700000000000	-0.77868398792125	-0.62079351708701
7.3750000000000	-0.78238585345235	-0.61611254950437
7.3800000000000	-0.78605899550960	-0.61141025509921
7.3850000000000	-0.78970445929428	-0.60668529519858
7.3900000000000	-0.79332094610657	-0.60193935867467
7.3950000000000	-0.79690945882733	-0.59717112552121
7.4000000000000	-0.80046937289401	-0.59238141576576
7.4050000000000	-0.80400045177013	-0.58757054024371
7.4100000000000	-0.80750202564449	-0.58273944112166
7.4150000000000	-0.81097570861068	-0.57788585895221
7.4200000000000	-0.81441968263326	-0.57301233831061
7.4250000000000	-0.81783489169565	-0.56811753808935
7.4300000000000	-0.82122011790513	-0.56320319352815
7.4350000000000	-0.82457583754949	-0.55826864012318
7.4400000000000	-0.82790245454897	-0.55331327211631
7.4450000000000	-0.83119925799721	-0.54833811766303
7.4500000000000	-0.83446514906918	-0.54334489238901
7.4550000000000	-0.83770256166746	-0.53832982974618
7.4600000000000	-0.84090883405916	-0.53329706535636
7.4650000000000	-0.84408585977332	-0.52824361117083
7.4700000000000	-0.84723153087230	-0.52317281956277
7.4750000000000	-0.85034720055128	-0.51808254543279
7.4800000000000	-0.85343281459790	-0.51297282121951
7.4850000000000	-0.85648772367207	-0.50784472064859
7.4900000000000	-0.85951081395265	-0.50270014531914
7.4950000000000	-0.86250399340198	-0.49753585193654
7.5000000000000	-0.86546612929897	-0.49235375701243
7.5050000000000	-0.86839665271985	-0.48715486876591
7.5100000000000	-0.87129639638785	-0.48193771075760
7.5150000000000	-0.87416481285912	-0.47670327460547
7.5200000000000	-0.87700177338360	-0.47145176339832
7.5250000000000	-0.87980718642800	-0.46618337734283
7.5300000000000	-0.88258095729117	-0.46089825471967
7.5350000000000	-0.88532297378742	-0.45559665511386
7.5400000000000	-0.88803355956661	-0.45027791988802
7.5450000000000	-0.89071177085554	-0.44494388338767
7.5500000000000	-0.89335836829593	-0.43959304721386
7.5550000000000	-0.89597197566605	-0.43422821387476
7.5600000000000	-0.89855459283495	-0.42884526634408
7.5650000000000	-0.90110406325393	-0.42344865879509
7.5700000000000	-0.90362152388643	-0.41803602260462
7.5750000000000	-0.90610646021890	-0.41260844416753
7.5800000000000	-0.90855881109419	-0.40716606075638
7.5850000000000	-0.91097845622921	-0.40170913114620
7.5900000000000	-0.91336533290577	-0.39623779864332
7.5950000000000	-0.91571932748822	-0.39075232028304
7.6000000000000	-0.91804076993099	-0.38525193072753
7.6050000000000	-0.92032878834108	-0.37973866171829
7.6100000000000	-0.92258405534638	-0.37421092032858
7.6150000000000	-0.92480576788339	-0.36867066302320
7.6200000000000	-0.92699455776871	-0.36311631606946
7.6250000000000	-0.92914999060778	-0.35754899037954
7.6300000000000	-0.93127197526822	-0.35196885126461
7.6350000000000	-0.93336045859291	-0.34637611965242
7.6400000000000	-0.93541501042540	-0.34077191229190
7.6450000000000	-0.93743655912008	-0.33515371479377
7.6500000000000	-0.93942403901137	-0.32952443829883
7.6550000000000	-0.94137772568744	-0.32388333644176
7.6600000000000	-0.94329783082731	-0.31822978189893
7.6650000000000	-0.94518368067971	-0.31256575221364
7.6700000000000	-0.94703582275392	-0.30688959202571
7.6750000000000	-0.94885386909079	-0.30120248745885
7.6800000000000	-0.95063747219493	-0.29550554341770
7.6850000000000	-0.95238714681022	-0.28979710264366
7.6900000000000	-0.95410254124087	-0.28407833852403
7.6950000000000	-0.95578386282505	-0.27834845647378
7.7000000000000	-0.95743024322162	-0.27261049756332
7.7050000000000	-0.95904269329922	-0.26686091348752
7.7100000000000	-0.96062036002221	-0.26110275715682
7.7150000000000	-0.96216345572372	-0.25533523482486
7.7200000000000	-0.96367190830368	-0.24955864532685
7.7250000000000	-0.96514591912838	-0.24377219328141
7.7300000000000	-0.96658517515091	-0.23797705973159
7.7350000000000	-0.96798964214045	-0.23217337613884
7.7400000000000	-0.96935903860772	-0.22636237295271
7.7450000000000	-0.97069375620106	-0.22054234659533
7.7500000000000	-0.97199352745416	-0.21471446372446
7.7550000000000	-0.97325851117146	-0.20887798465466
7.7600000000000	-0.97448824974143	-0.20303499540609
7.7650000000000	-0.97568290638560	-0.19718474557390
7.7700000000000	-0.97684243937961	-0.19132748857435
7.7750000000000	-0.97796697920888	-0.18546247845432
7.7800000000000	-0.97905613599666	-0.17959179212489
7.7850000000000	-0.98011020998788	-0.17371380137401
7.7900000000000	-0.98112899821102	-0.16782956847659
7.7950000000000	-0.98211229912900	-0.16194034428996
7.8000000000000	-0.98306039527581	-0.15604440662026
7.8050000000000	-0.98397308955340	-0.15014293264029
7.8100000000000	-0.98485035881232	-0.14423610931658
7.8150000000000	-0.98569229665870	-0.13832325514798
7.8200000000000	-0.98649861030544	-0.13240635811021
7.8250000000000	-0.98726939685627	-0.12648480718159
7.8300000000000	-0.98800463642431	-0.12055881648442
7.8350000000000	-0.98870441266567	-0.11462754539201
7.8400000000000	-0.98936858220086	-0.10869220385180
7.8450000000000	-0.98999701604789	-0.10275401077330
7.8500000000000	-0.99058989883506	-0.096811237541619
7.8550000000000	-0.99114710756598	-0.090865015009456
7.8600000000000	-0.99166862337486	-0.084915617087617
7.8650000000000	-0.99215441830653	-0.078963220231129
7.8700000000000	-0.99260448471933	-0.073008093192404
7.8750000000000	-0.99301886571283	-0.067049403694569
7.8800000000000	-0.99339741966262	-0.061089344415466
7.8850000000000	-0.99374024564164	-0.055126184795891
7.8900000000000	-0.99404722458376	-0.049162065060900
7.8950000000000	-0.99431841428184	-0.043196253498392
7.9000000000000	-0.99455382758465	-0.037228036426282
7.9050000000000	-0.99475341499015	-0.031258509856567
7.9100000000000	-0.99491716882636	-0.025287890525540
7.9150000000000	-0.99504506495894	-0.019317478513382
7.9200000000000	-0.99513715723120	-0.013344483175726
7.9250000000000	-0.99519338151971	-0.0073720076619467
7.9300000000000	-0.99521376393721	-0.0013994009339944
7.9350000000000	-0.99519829371985	0.0045732590175750
7.9400000000000	-0.99514697003142	0.010546572315006
7.9450000000000	-0.99505979740605	0.016518566016073
7.9500000000000	-0.99493679053673	0.022489792906234
7.9550000000000	-0.99477792197863	0.028461170526302
7.9600000000000	-0.99458321078069	0.034431400605346
7.9650000000000	-0.99435266271766	0.040400328700820
7.9700000000000	-0.99408629355628	0.046367737984856
7.9750000000000	-0.99378411011452	0.052333398837442
7.9800000000000	-0.99344612116693	0.058297094994821
7.9850000000000	-0.99307233767864	0.064258671762361
7.9900000000000	-0.99266277402387	0.070217814082219
7.9950000000000	-0.99221745469144	0.076174359744507
8.0000000000000	-0.99173631234937	0.082129037950627
8.0050000000000	-0.99121942628198	0.088080706976813
8.0100000000000	-0.99066682109538	0.094029096287705
8.0150000000000	-0.99007851560290	0.099974048804558
8.0200000000000	-0.98945453273979	0.10591533137402
8.0250000000000	-0.98879510827937	0.11185080791130
8.0300000000000	-0.98809984978462	0.11778409265983
8.0350000000000	-0.98736886203289	0.12371401798785
8.0400000000000	-0.98660241035612	0.12963845948361
8.0450000000000	-0.98580028467802	0.13555908120331
8.0500000000000	-0.98496275624399	0.14147382455493
8.0550000000000	-0.98408959276889	0.14738433683714
8.0600000000000	-0.98318111232470	0.15328850009781
8.0650000000000	-0.98223720272492	0.15918709032129
8.0700000000000	-0.98125774716858	0.16508079177253
8.0750000000000	-0.98024308128760	0.17096755145743
8.0800000000000	-0.97919275679219	0.17684996151990
8.0850000000000	-0.97810731015655	0.18272495287022
8.0900000000000	-0.97698660699034	0.18859332562431
8.0950000000000	-0.97583069377450	0.19445479137564
8.1000000000000	-0.97463942478972	0.20031011469136
8.1050000000000	-0.97341341424390	0.20615627974121
8.1100000000000	-0.97215212896142	0.21199587167218
8.1150000000000	-0.97085538966823	0.21782962117680
8.1200000000000	-0.96952406464545	0.22365358328451
8.1250000000000	-0.96815757916263	0.22947034866777
8.1300000000000	-0.96675619373386	0.23527875711208
8.1350000000000	-0.96531995690952	0.24107860854820
8.1400000000000	-0.96384893274979	0.24686969497420
8.1450000000000	-0.96234314949983	0.25265181665891
8.1500000000000	-0.96080269666970	0.25842471195648
8.1550000000000	-0.95922759991321	0.26418824129718
8.1600000000000	-0.95761791230315	0.26994220383865
8.1650000000000	-0.95597346162962	0.27568724995810
8.1700000000000	-0.95429479280622	0.28142138467561
8.1750000000000	-0.95258146599985	0.28714618172446
8.1800000000000	-0.95083378532598	0.29286058073231
8.1850000000000	-0.94905183639003	0.29856430460633
8.1900000000000	-0.94723594196907	0.30425631882365
8.1950000000000	-0.94538562618863	0.30993816598065
8.2000000000000	-0.94350120895621	0.31560878063430
8.2050000000000	-0.94158278635083	0.32126794000069
8.2100000000000	-0.93963011476293	0.32691630421297
8.2150000000000	-0.93764386095858	0.33255193733718
8.2200000000000	-0.93562347204624	0.33817640805907
8.2250000000000	-0.93356966565817	0.34378773223492
8.2300000000000	-0.93148223581293	0.34938651172195
8.2350000000000	-0.92936086202853	0.35497355248187
8.2400000000000	-0.92720598876304	0.36054768936087
8.2450000000000	-0.92501766217239	0.36610878312771
8.2500000000000	-0.92279598176472	0.37165658494339
8.2550000000000	-0.92054102540773	0.37719091349070
8.2600000000000	-0.91825288746639	0.38271152751567
8.2650000000000	-0.91593125886428	0.38821916436361
8.2700000000000	-0.91357697937799	0.39371181348032
8.2750000000000	-0.91119014064892	0.39918931757456
8.2800000000000	-0.90876966562530	0.40465413657836
8.2850000000000	-0.90631641952694	0.41010426447384
8.2900000000000	-0.90383049266094	0.41553949087764
8.2950000000000	-0.90131237824814	0.42095878948311
8.3000000000000	-0.89876133104736	0.42636372424363
8.3050000000000	-0.89617746468733	0.43175404681868
8.3100000000000	-0.89356169447826	0.43712783866284
8.3150000000000	-0.89091412334726	0.44248493028987
8.3200000000000	-0.88823400295416	0.44782683965165
8.3250000000000	-0.88552142795948	0.45315335140685
8.3300000000000	-0.88277731878889	0.45846261864261
8.3350000000000	-0.88000093782627	0.46375610856852
8.3400000000000	-0.87719327149873	0.46903193379506
8.3450000000000	-0.87435351081109	0.47429160126109
8.3500000000000	-0.87148220551513	0.47953409107423
8.3550000000000	-0.86857996410963	0.48475830225298
8.3600000000000	-0.86564590191579	0.48996581937631
8.3650000000000	-0.86268061617232	0.49515558806284
8.3700000000000	-0.85968374477178	0.50032822151215
8.3750000000000	-0.85665634889410	0.50548187566251
8.3800000000000	-0.85359799210309	0.51061731222404
8.3850000000000	-0.85050840427770	0.51573497592269
8.3900000000000	-0.84738864512830	0.52083311653630
8.3950000000000	-0.84423778624137	0.52591324675289
8.4000000000000	-0.84105701362440	0.53097344774360
8.4050000000000	-0.83784536138849	0.53601526348649
8.4100000000000	-0.83460348270041	0.54103765967723
8.4150000000000	-0.83133154748978	0.54604037237004
8.4200000000000	-0.82802957863470	0.55102335498703
8.4250000000000	-0.82469775656855	0.55598635562129
8.4300000000000	-0.82133615298626	0.56092923745650
8.4350000000000	-0.81794439671706	0.56585256503450
8.4400000000000	-0.81452423142304	0.57075380823402
8.4450000000000	-0.81107360039251	0.57563591756606
8.4500000000000	-0.80759421795449	0.58049644370874
8.4550000000000	-0.80408515755074	0.58533669451262
8.4600000000000	-0.80054713068909	0.59015567593974
8.4650000000000	-0.79698014967082	0.59495335979511
8.4700000000000	-0.79338447490957	0.59972940834507
8.4750000000000	-0.78976015615172	0.60448374770069
8.4800000000000	-0.78610789859755	0.60921546347957
8.4850000000000	-0.78242615217989	0.61392657468427
8.4900000000000	-0.77871674874744	0.61861469504506
8.4950000000000	-0.77497868022452	0.62328112020129
8.5000000000000	-0.77121323671314	0.62792423165946
8.5050000000000	-0.76741929535625	0.63254540283093
8.5100000000000	-0.76359775145935	0.63714355817590
8.5150000000000	-0.75974924262336	0.64171791598678
8.5200000000000	-0.75587267955355	0.64626980024925
8.5250000000000	-0.75196889296020	0.65079819702666
8.5300000000000	-0.74803795890961	0.65530303674807
8.5350000000000	-0.74408002209364	0.65978413403686
8.5400000000000	-0.74009525769578	0.66424131396973
8.5450000000000	-0.73608374048224	0.66867448403481
8.5500000000000	-0.73204506189308	0.67308408482192
8.5550000000000	-0.72797994828704	0.67746930077188
8.5600000000000	-0.72388923143124	0.68182926043813
8.5650000000000	-0.71977241290213	0.68616451229094
8.5700000000000	-0.71562894242102	0.69047560609229
8.5750000000000	-0.71145967946125	0.69476165138600
8.5800000000000	-0.70726470086883	0.69902256227865
8.5850000000000	-0.70304427640587	0.70325807446769
8.5900000000000	-0.69879842743258	0.70746815413150
8.5950000000000	-0.69452735157584	0.71165260872273
8.6000000000000	-0.69023053169338	0.71581194654290
8.6050000000000	-0.68591021618767	0.71994398858117
8.6100000000000	-0.68156379527633	0.72405123779458
8.6150000000000	-0.67719272089202	0.72813229933185
8.6200000000000	-0.67279790819456	0.73218632959864
8.6250000000000	-0.66837816874789	0.73621442175346
8.6300000000000	-0.66393357126400	0.74021651313660
8.6350000000000	-0.65946641100273	0.74419051271799
8.6400000000000	-0.65497478058684	0.74813815077835
8.6450000000000	-0.65045877350134	0.75205932099576
8.6500000000000	-0.64592079038744	0.75595195142941
8.6550000000000	-0.64135798595112	0.75981847970079
8.6600000000000	-0.63677279945075	0.76365683301195
8.6650000000000	-0.63216386990096	0.76746814356749
8.6700000000000	-0.62753293408374	0.77125098570151
8.6750000000000	-0.62287857427917	0.77500650702053
8.6800000000000	-0.61820245276015	0.77873337257317
8.6850000000000	-0.61350258183947	0.78243315818871
8.6900000000000	-0.60878288122743	0.78610279830420
8.6950000000000	-0.60403889396476	0.78974573981282
8.7000000000000	-0.59927455980686	0.79335894968778
8.7050000000000	-0.59448714738634	0.79694451088090
8.7100000000000	-0.58967830930844	0.80050116709031
8.7150000000000	-0.58484894539759	0.80402824290226
8.7200000000000	-0.57999844130553	0.80752621884836
8.7250000000000	-0.57512627927593	0.81099545625576
8.7300000000000	-0.57023492779843	0.81443419828557
8.7350000000000	-0.56532143226462	0.81784452732559
8.7400000000000	-0.56038674453455	0.82122575911430
8.7450000000000	-0.55543263444509	0.82457667744695
8.7500000000000	-0.55045845247154	0.82789771495611
8.7550000000000	-0.54546363228486	0.83118926898705
8.7600000000000	-0.54044994253514	0.83445015640989
8.7650000000000	-0.53541594057381	0.83768131884438
8.7700000000000	-0.53036428105300	0.84088106956137
8.7750000000000	-0.52529265256274	0.84405087087160
8.7800000000000	-0.52020123492178	0.84719060641180
8.7850000000000	-0.51509190434494	0.85029910318303
8.7900000000000	-0.50996321126993	0.85337726133705
8.7950000000000	-0.50481603173407	0.85642453287161
8.8000000000000	-0.49965071561662	0.85944071191875
8.8050000000000	-0.49446732466237	0.86242576698874
8.8100000000000	-0.48926534408151	0.86537998989937
8.8150000000000	-0.48404732853160	0.86830192841852
8.8200000000000	-0.47881103638655	0.87119285284484
8.8250000000000	-0.47355658736125	0.87405268440865
8.8300000000000	-0.46828597482011	0.87688032990108
8.8350000000000	-0.46299755960280	0.87967668077285
8.8400000000000	-0.45769338339318	0.88244063888529
8.8450000000000	-0.45237097488637	0.88517350102653
8.8500000000000	-0.44703300353432	0.88787387377636
8.8550000000000	-0.44167991073602	0.89054157320127
8.8600000000000	-0.43630993447446	0.89317745002810
8.8650000000000	-0.43092432243865	0.89578090752675
8.8700000000000	-0.42552305225225	0.89835194459718
8.8750000000000	-0.42010566396881	0.90089077231031
8.8800000000000	-0.41467397647004	0.90339653956146
8.8850000000000	-0.40922735575918	0.90586955173965
8.8900000000000	-0.40376424052121	0.90831049629388
8.8950000000000	-0.39828831648705	0.91071772983317
8.9000000000000	-0.39279802796717	0.91309195222832
8.9050000000000	-0.38729359654214	0.91543307479728
8.9100000000000	-0.38177341930917	0.91774174787163
8.9150000000000	-0.37624124322011	0.92001640607530
8.9200000000000	-0.37069377982485	0.92225842576584
8.9250000000000	-0.36513381941127	0.92446664886866
8.9300000000000	-0.35955988588915	0.92664166077033
8.9350000000000	-0.35397380815541	0.92878276150121
8.9400000000000	-0.34837499085263	0.93089017773038
8.9450000000000	-0.34276358856919	0.93296385243192
8.9500000000000	-0.33713817809044	0.93500430373453
8.9550000000000	-0.33150232161196	0.93701022955183
8.9600000000000	-0.32585359643945	0.93898250481665
8.9650000000000	-0.32019320273929	0.94092070497601
8.9700000000000	-0.31452127432417	0.94282477812518
8.9750000000000	-0.30883713865347	0.94469495312243
8.9800000000000	-0.30314454680201	0.94653000736910
8.9850000000000	-0.29743841573525	0.94833157558010
8.9900000000000	-0.29172144260237	0.95009878489700
8.9950000000000	-0.28599502950674	0.95183121489643
9.0000000000000	-0.28025724632598	0.95352943273984
9.0050000000000	-0.27450952281901	0.95519302759997
9.0100000000000	-0.26875282897716	0.95682172172864
9.0150000000000	-0.26298545089525	0.95841599561731
9.0200000000000	-0.25720871464728	0.95997548149147
9.0250000000000	-0.25142274633379	0.96150013814074
9.0300000000000	-0.24562770555604	0.96298992926729
9.0350000000000	-0.23982372441631	0.96444481617829
9.0400000000000	-0.23401128336806	0.96586468688692
9.0450000000000	-0.22818948084418	0.96724974778469
9.0500000000000	-0.22236039814456	0.96859950424943
9.0550000000000	-0.21652241629065	0.96991433668822
9.0600000000000	-0.21067660223599	0.97119398664815
9.0650000000000	-0.20482420898869	0.97243819602681
9.0700000000000	-0.19896350644835	0.97364733265688
9.0750000000000	-0.19309570348052	0.97482114196797
9.0800000000000	-0.18722090882504	0.97595958933689
9.0850000000000	-0.18133949455879	0.97706262157878
9.0900000000000	-0.17545054091375	0.97813039466389
9.0950000000000	-0.16955639958034	0.97916247976500
9.1000000000000	-0.16365606528542	0.98015906454611
9.1050000000000	-0.15774988905100	0.98112008864332
9.1100000000000	-0.15183807562030	0.98204552250989
9.1150000000000	-0.14591997762600	0.98293546112519
9.1200000000000	-0.13999561241854	0.98378987768963
9.1250000000000	-0.13406910305278	0.98460819584550
9.1300000000000	-0.12813504038198	0.98539117217251
9.1350000000000	-0.12219727790195	0.98613826879574
9.1400000000000	-0.11625524445521	0.98684958032785
9.1450000000000	-0.11030804355292	0.98752519594367
9.1500000000000	-0.10435797344372	0.98816486607897
9.1550000000000	-0.098404072617274	0.98876868506358
9.1600000000000	-0.092446776676164	0.98933662237784
9.1650000000000	-0.086486091790027	0.98986867260007
9.1700000000000	-0.080520583256440	0.99036495412706
9.1750000000000	-0.074554004895528	0.99082514583386
9.1800000000000	-0.068583007883350	0.99124950948829
9.1850000000000	-0.062610520724700	0.99163783509560
9.1900000000000	-0.056637822843781	0.99199006296045
9.1950000000000	-0.050660213336651	0.99230645059800
9.2000000000000	-0.044681733036400	0.99258678495720
9.2050000000000	-0.038700842663836	0.99283112796769
9.2100000000000	-0.032719630608395	0.99303939800201
9.2150000000000	-0.026736293903261	0.99321165795176
9.2200000000000	-0.020753052026883	0.99334785066133
9.2250000000000	-0.014768174691581	0.99344800269814
9.2300000000000	-0.0087838188751096	0.99351208855816
9.2350000000000	-0.0027982432233821	0.99354012573538
9.2400000000000	0.0031873971935259	0.99353209291280
9.2450000000000	0.0091727841451934	0.99348800202809
9.2500000000000	0.015158719532653	0.99340783824881
9.2550000000000	0.021142143061398	0.99329163452743
9.2600000000000	0.027126618795143	0.99313934452188
9.2650000000000	0.033109936849389	0.99295099561671
9.2700000000000	0.039091082721597	0.99272663728398
9.2750000000000	0.045070686563738	0.99246625163069
9.2800000000000	0.051049643426603	0.99216978787266
9.2850000000000	0.057026480615941	0.99183731027561
9.2900000000000	0.063000387305408	0.99146887316650
9.2950000000000	0.068973713565098	0.99106432477815
9.3000000000000	0.074943580477067	0.99062385637364
9.3050000000000	0.080910643012766	0.99014742487185
9.3100000000000	0.086875532796862	0.98963497050183
9.3150000000000	0.092834448262943	0.98908684162527
9.3200000000000	0.098792675465250	0.98850254666151
9.3250000000000	0.10474725347126	0.98788236032168
9.3300000000000	0.11069801887646	0.98722629004120
9.3350000000000	0.11664356582613	0.98653450746337
9.3400000000000	0.12258598748803	0.98580675970600
9.3450000000000	0.12852371693147	0.98504323462110
9.3500000000000	0.13445664565643	0.98424395767168
9.3550000000000	0.14038468007503	0.98340892537762
9.3600000000000	0.14630760685454	0.98253817584359
9.3650000000000	0.15222503213303	0.98163177416917
9.3700000000000	0.15813685096214	0.98068972834432
9.3750000000000	0.16404382947740	0.97971190347959
9.3800000000000	0.16994379068889	0.97869866903436
9.3850000000000	0.17583844880979	0.97764972665501
9.3900000000000	0.18172757729465	0.97656511359148
9.3950000000000	0.18760814934117	0.97544537591571
9.4000000000000	0.19348182253620	0.97429022669287
9.4050000000000	0.19934931881755	0.97309951736689
9.4100000000000	0.20520948929033	0.97187346655827
9.4150000000000	0.21106308734349	0.97061190559686
9.4200000000000	0.21690798501138	0.96931530522214
9.4250000000000	0.22274489141912	0.96798351280513
9.4300000000000	0.22857452086059	0.96661635414958
9.4350000000000	0.23439579550227	0.96521408044137
9.4400000000000	0.24020663359363	0.96377720010547
9.4450000000000	0.24601058965216	0.96230483908844
9.4500000000000	0.25180532692296	0.96079757604405
9.4550000000000	0.25759103205778	0.95925536030069
9.4600000000000	0.26336712957012	0.95767835475081
9.4650000000000	0.26913365976067	0.95606653490525
9.4700000000000	0.27489040639331	0.95441996936983
9.4750000000000	0.28063786614476	0.95273850828447
9.4800000000000	0.28637318691801	0.95102298207752
9.4850000000000	0.29209906039625	0.94927262168267
9.4900000000000	0.29781505572812	0.94748752545409
9.4950000000000	0.30352023257634	0.94566797244583
9.5000000000000	0.30921419783001	0.94381409851482
9.5050000000000	0.31489697448506	0.94192589202592
9.5100000000000	0.32056721118452	0.94000381248548
9.5150000000000	0.32622749773884	0.93804697880649
9.5200000000000	0.33187585049712	0.93605605652637
9.5250000000000	0.33750941805037	0.93403206814268
9.5300000000000	0.34313331017410	0.93197319210647
9.5350000000000	0.34874371162660	0.92988080331102
9.5400000000000	0.35434228081274	0.92775428000675
9.5450000000000	0.35992787011712	0.92559404443560
9.5500000000000	0.36549852878252	0.92340089445746
9.5550000000000	0.37105933526441	0.92117278621808
9.5600000000000	0.37660400186832	0.91891223439996
9.5650000000000	0.38213475482442	0.91661838476619
9.5700000000000	0.38765248632364	0.91429082424287
9.5750000000000	0.39315610274273	0.91193001816016
9.5800000000000	0.39864530188116	0.90953610640563
9.5850000000000	0.40412078260834	0.90710876055084
9.5900000000000	0.40958052587772	0.90464889111916
9.5950000000000	0.41502628771922	0.90215569699617
9.6000000000000	0.42045685287570	0.89962972487685
9.6050000000000	0.42587029485211	0.89707190496389
9.6100000000000	0.43126904387012	0.89448107386782
9.6150000000000	0.43665376368971	0.89185690701388
9.6200000000000	0.44202079242146	0.88920118218121
9.6250000000000	0.44737330066650	0.88651233113707
9.6300000000000	0.45270962860558	0.88379116510482
9.6350000000000	0.45802834867544	0.88103843385935
9.6400000000000	0.46333049268166	0.87825359306833
9.6450000000000	0.46861648104244	0.87543643599954
9.6500000000000	0.47388368467296	0.87258835494411
9.6550000000000	0.47913522748793	0.86970766817222
9.6600000000000	0.48436848094035	0.86679581208999
9.6650000000000	0.48958478168132	0.86385205321967
9.6700000000000	0.49478401927326	0.86087641583168
9.6750000000000	0.49996446281291	0.85786988934923
9.6800000000000	0.50512567508092	0.85483276781150
9.6850000000000	0.51026932324074	0.85176405106813
9.6900000000000	0.51539428688603	0.84866441779828
9.6950000000000	0.52050127134029	0.84553341575330
9.7000000000000	0.52558852044347	0.84237212320305
9.7050000000000	0.53065644810704	0.83918029658505
9.7100000000000	0.53570499892268	0.83595797675268
9.7150000000000	0.54073561244298	0.83270422456718
9.7200000000000	0.54574483704602	0.82942126551656
9.7250000000000	0.55073573943599	0.82610709712889
9.7300000000000	0.55570494025043	0.82276396080766
9.7350000000000	0.56065383455055	0.81939093336316
9.7400000000000	0.56558384227909	0.81598704341072
9.7450000000000	0.57049233256808	0.81255407661312
9.7500000000000	0.57538004592784	0.80909153964568
9.7550000000000	0.58024753282653	0.80559903147190
9.7600000000000	0.58509380836406	0.80207725302118
9.7650000000000	0.58991796269864	0.79852687205485
9.7700000000000	0.59472045222285	0.79494755377964
9.7750000000000	0.59950208895992	0.79133870005179
9.7800000000000	0.60426182846150	0.78770108153116
9.7850000000000	0.60899943527135	0.78403487366510
9.7900000000000	0.61371487283241	0.78034010748885
9.7950000000000	0.61840782654363	0.77661704194455
9.8000000000000	0.62307824540679	0.77286570768881
9.8050000000000	0.62772660833500	0.76908570398142
9.8100000000000	0.63235205746051	0.76527773559290
9.8150000000000	0.63695290315596	0.76144320229899
9.8200000000000	0.64153204452918	0.75757968432303
9.8250000000000	0.64608694362397	0.75368933534848
9.8300000000000	0.65061903192084	0.74977090381154
9.8350000000000	0.65512731504935	0.74582525947755
9.8400000000000	0.65961235929922	0.74185187987627
9.8450000000000	0.66407262312653	0.73785215280145
9.8500000000000	0.66850866442033	0.73382558010011
9.8550000000000	0.67291953751595	0.72977302347067
9.8600000000000	0.67730653883982	0.72569330166316
9.8650000000000	0.68166950827773	0.72158654210404
9.8700000000000	0.68600757246625	0.71745354948783
9.8750000000000	0.69031991626687	0.71329512352755
9.8800000000000	0.69460768524226	0.70911015537456
9.8850000000000	0.69887012924176	0.70489935233125
9.8900000000000	0.70310703460700	0.70066294579755
9.8950000000000	0.70731824945173	0.69640107836413
9.9000000000000	0.71150230791183	0.69211525793093
9.9050000000000	0.71566306556671	0.68780151604454
9.9100000000000	0.71979631660312	0.68346419037466
9.9150000000000	0.72390330235876	0.67910199251343
9.9200000000000	0.72798440990067	0.67471451522726
9.9250000000000	0.73203837516253	0.67030311156357
9.9300000000000	0.73606624656492	0.66586663555572
9.9350000000000	0.74006787546773	0.66140524089149
9.9400000000000	0.74403985585202	0.65692274485695
9.9450000000000	0.74798727640431	0.65241341815703
9.9500000000000	0.75190665479022	0.64788120159331
9.9550000000000	0.75579867667346	0.64332529315212
9.9600000000000	0.75966306874812	0.63874604578337
9.9650000000000	0.76349963874045	0.63414368426413
9.9700000000000	0.76730900392515	0.62951743993993
9.9750000000000	0.77108969481284	0.62486909438398
9.9800000000000	0.77484220183545	0.62019808068992
9.9850000000000	0.77856706480549	0.61550370631376
9.9900000000000	0.78226344884395	0.61078699103084
9.9950000000000	0.78593066781943	0.60604885214164
10.000000000000	0.78957038897572	0.60128710994983
