

5	-0,038175124675035	0,13976334035397
5,0050001144409	-0,037380490452051	0,1401361823082
5,0100002288818	-0,036582805216312	0,14050477743149
5,0149998664856	-0,035782102495432	0,14086911082268
5,0199999809265	-0,03497838973999	0,14122915267944
5,0250000953674	-0,034171685576439	0,14158491790295
5,0300002098083	-0,033361993730068	0,14193634688854
5,0349998474121	-0,03254933655262	0,14228345453739
5,039999961853	-0,031733751296997	0,14262616634369
5,0450000762939	-0,030915224924684	0,1429644972086
5,0500001907349	-0,030093811452389	0,14329843223095
5,0549998283386	-0,029269486665726	0,14362792670727
5,0599999427795	-0,028442300856113	0,14395296573639
5,0650000572205	-0,027612244710326	0,14427353441715
5,0700001716614	-0,026779338717461	0,14458960294724
5,0749998092651	-0,025943621993065	0,14490115642548
5,0799999237061	-0,025105081498623	0,14520815014839
5,085000038147	-0,024263776838779	0,14551058411598
5,0900001525879	-0,023419680073857	0,14580844342709
5,0949997901917	-0,022572860121727	0,14610166847706
5,0999999046326	-0,021723287180066	0,1463902592659
5,1050000190735	-0,020870992913842	0,14667420089245
5,1100001335144	-0,020016025751829	0,14695344865322
5,1149997711182	-0,019158363342285	0,14722800254822
5,1199998855591	-0,018298061564565	0,14749783277512
5,125	-0,017435126006603	0,14776289463043
5,1300001144409	-0,016569547355175	0,14802320301533
5,1350002288818	-0,01570138335228	0,14827869832516
5,1399998664856	-0,014830657280982	0,14852938055992
5,1449999809265	-0,013957377523184	0,14877519011497
5,1500000953674	-0,013081550598145	0,1490161716938
5,1550002098083	-0,012203237973154	0,14925223588943
5,1599998474121	-0,011322390288115	0,14948339760303
5,164999961853	-0,010439108125865	0,14970961213112
5,1700000762939	-0,0095533775165677	0,14993086457253
5,1750001907349	-0,0086651919409633	0,15014714002609
5,1799998283386	-0,007774627301842	0,15035839378834
5,1849999427795	-0,0068816938437521	0,1505646109581
5,1900000572205	-0,0059863813221455	0,15076577663422
5,1950001716614	-0,0050887344405055	0,15096187591553
5,1999998092651	-0,0041887974366546	0,15115284919739
5,2049999237061	-0,0032865612301975	0,1513386964798
5,210000038147	-0,0023820532951504	0,1515194028616
5,2150001525879	-0,0014753367286175	0,15169493854046
5,2199997901917	-0,00056638510432094	0,1518652588129
5,2249999046326	0,00034475597203709	0,15203036367893
5,2300000190735	0,0012580401962623	0,15219020843506
5,2350001335144	0,0021734756883234	0,15234480798244
5,2399997711182	0,003091034013778	0,15249408781528
5,2449998855591	0,0040106493979692	0,15263804793358
5,25	0,0049323490820825	0,15277668833733
5,2550001144409	0,0058560660108924	0,15290994942188
5,2600002288818	0,0067818085663021	0,15303784608841
5,2649998664856	0,0077095092274249	0,15316031873226
5,2699999809265	0,0086391754448414	0,15327733755112
5,2750000953674	0,0095707410946488	0,1533889323473
5,2800002098083	0,01050422899425	0,153495028615
5,2849998474121	0,011439573019743	0,15359562635422
5,289999961853	0,012376760132611	0,15369068086147
5,2950000762939	0,01331574190408	0,15378020703793
5,3000001907349	0,014256505295634	0,15386416018009
5,3049998283386	0,015199017710984	0,15394251048565
5,3099999427795	0,016143266111612	0,1540152579546
5,3150000572205	0,017089180648327	0,15408234298229
5,3200001716614	0,018036769703031	0,15414378046989
5,3249998092651	0,018985977396369	0,15419954061508
5,3299999237061	0,019936792552471	0,15424957871437
5,335000038147	0,020889179781079	0,15429389476776
5,3400001525879	0,021843088790774	0,15433247387409
5,3449997901917	0,022798482328653	0,15436524152756
5,3499999046326	0,023755354806781	0,1543922573328
5,3550000190735	0,024713663384318	0,15441344678402
5,3600001335144	0,025673393160105	0,15442879498005
5,3649997711182	0,026634475216269	0,15443828701973
5,3699998855591	0,027596909552813	0,1544419080019
5,375	0,028560625389218	0,15443962812424
5,3800001144409	0,029525624588132	0,15443143248558
5,3850002288818	0,030491854995489	0,15441729128361
5,3899998664856	0,031459294259548	0,15439718961716
5,3949999809265	0,032427847385406	0,15437112748623
5,4000000953674	0,033397637307644	0,15433903038502
5,4050002098083	0,034368474036455	0,15430091321468
5,4099998474121	0,035340324044228	0,15425677597523
5,414999961853	0,036313146352768	0,15420660376549
5,4200000762939	0,037287052720785	0,15415032207966
5,4250001907349	0,03826193138957	0,1540879458189
5,4299998283386	0,039237596094608	0,15401946008205
5,4349999427795	0,04021430760622	0,15394482016563
5,4400000572205	0,041191726922989	0,1538640409708
5,4450001716614	0,042169969528913	0,1537771075964
5,4499998092651	0,043148916214705	0,1536839902401
5,4549999237061	0,044128682464361	0,15358462929726
5,460000038147	0,045109078288078	0,15347908437252
5,4650001525879	0,046090137213469	0,15336728096008
5,4699997901917	0,047071814537048	0,15324921905994
5,4749999046326	0,048054005950689	0,1531248986721
5,4800000190735	0,049036744982004	0,15299427509308
5,4850001335144	0,050019983202219	0,15285734832287
5,4899997711182	0,051003612577915	0,15271410346031
5,4949998855591	0,051987737417221	0,15256449580193
5,5	0,052972167730331	0,15240857005119
5,5050001144409	0,053956940770149	0,15224626660347
5,5100002288818	0,054942008107901	0,15207755565643
5,5149998664856	0,055927269160748	0,15190248191357
5,5199999809265	0,056912738829851	0,15172100067139
5,5250000953674	0,057898376137018	0,15153306722641
5,5300002098083	0,058884155005217	0,15133871138096
5,5349998474121	0,059869941323996	0,15113790333271
5,539999961853	0,060855772346258	0,1509306281805
5,5450000762939	0,061841603368521	0,15071687102318
5,5500001907349	0,062827333807945	0,15049666166306
5,5549998283386	0,063812963664532	0,15026992559433
5,5599999427795	0,064798474311829	0,150036662817
5,5650000572205	0,065783746540546	0,14979691803455
5,5700001716614	0,066768869757652	0,14955058693886
5,5749998092651	0,067753583192825	0,14929775893688
5,5799999237061	0,068738147616386	0,14903831481934
5,585000038147	0,069722138345242	0,14877238869667
5,5900001525879	0,070705890655518	0,14849980175495
5,5949997901917	0,071689054369926	0,14822068810463
5,5999999046326	0,072671808302402	0,14793494343758
5,6050000190735	0,073653891682625	0,1476426422596
5,6100001335144	0,074635468423367	0,14734369516373
5,6149997711182	0,075616359710693	0,14703814685345
5,6199998855591	0,076596654951572	0,14672592282295
5,625	0,077576108276844	0,14640712738037
5,6300001144409	0,078554794192314	0,14608167111874
5,6350002288818	0,07953267544508	0,14574955403805
5,6399998664856	0,080509640276432	0,14541082084179
5,6449999809265	0,081485711038113	0,14506539702415
5,6500000953674	0,082460790872574	0,14471332728863
5,6550002098083	0,083434857428074	0,14435458183289
5,6599998474121	0,084407866001129	0,14398917555809
5,664999961853	0,085379749536514	0,14361706376076
5,6700000762939	0,086350463330746	0,14323829114437
5,6750001907349	0,087319977581501	0,14285282790661
5,6799998283386	0,088288225233555	0,14246067404747
5,6849999427795	0,089255146682262	0,14206185936928
5,6900000572205	0,090220727026463	0,14165630936623
5,6950001716614	0,09118490666151	0,14124409854412
5,6999998092651	0,092147618532181	0,14082519710064
5,7049999237061	0,093108840286732	0,14039957523346
5,710000038147	0,094068489968777	0,13996727764606
5,7150001525879	0,095026545226574	0,13952827453613
5,7199997901917	0,095982946455479	0,13908256590366
5,7249999046326	0,096937648952007	0,13863016664982
5,7300000190735	0,097890615463257	0,1381710767746
5,7350001335144	0,098841764032841	0,13770528137684
5,7399997711182	0,099791072309017	0,13723281025887
5,7449998855591	0,10073847323656	0,13675364851952
5,75	0,10168393701315	0,13626779615879
5,7550001144409	0,10262738913298	0,13577525317669
5,7600002288818	0,10356879979372	0,13527604937553
5,7649998664856	0,10450810939074	0,13477014005184
5,7699999809265	0,10544526576996	0,1342575699091
5,7750000953674	0,10638023167849	0,13373835384846
5,7800002098083	0,10731294006109	0,13321244716644
5,7849998474121	0,10824336111546	0,13267989456654
5,789999961853	0,10917142033577	0,13214072585106
5,7950000762939	0,11009708791971	0,13159486651421
5,8000001907349	0,11102028936148	0,13104239106178
5,8049998283386	0,11194100230932	0,13048328459263
5,8099999427795	0,1128591671586	0,12991754710674
5,8150000572205	0,11377472430468	0,12934520840645
5,8200001716614	0,11468762159348	0,12876628339291
5,8249998092651	0,11559782922268	0,12818072736263
5,8299999237061	0,11650525778532	0,12758859992027
5,835000038147	0,1174099072814	0,12698990106583
5,8400001525879	0,11831171065569	0,12638464570045
5,8449997901917	0,11921058595181	0,125772818923
5,8499999046326	0,120106510818	0,12515446543694
5,8550000190735	0,1209994405508	0,12452957034111
5,8600001335144	0,12188930809498	0,12389816343784
5,8649997711182	0,12277606129646	0,12326023727655
5,8699998855591	0,12365966290236	0,12261583656073
5,875	0,12454006075859	0,1219649463892
5,8800001144409	0,12541718780994	0,12130758911371
5,8850002288818	0,12629100680351	0,12064378708601
5,8899998664856	0,12716148793697	0,11997354775667
5,8949999809265	0,12802854180336	0,11929687857628
5,9000000953674	0,12889213860035	0,11861381679773
5,9050002098083	0,12975223362446	0,1179243773222
5,9099998474121	0,13060876727104	0,11722853779793
5,914999961853	0,13146167993546	0,11652635782957
5,9200000762939	0,13231095671654	0,11581784486771
5,9250001907349	0,13315650820732	0,11510298401117
5,9299998283386	0,13399830460548	0,11438185721636
5,9349999427795	0,13483628630638	0,11365442723036
5,9400000572205	0,13567042350769	0,11292073130608
5,9450001716614	0,13650062680244	0,11218080669641
5,9499998092651	0,13732689619064	0,11143464595079
5,9549999237061	0,13814915716648	0,1106822937727
5,960000038147	0,13896736502647	0,10992375016212
5,9650001525879	0,13978144526482	0,1091590449214
5,9699997901917	0,14059139788151	0,10838821530342
5,9749999046326	0,14139711856842	0,10761124640703
5,9800000190735	0,14219862222672	0,1068281903863
5,9850001335144	0,14299581944942	0,10603908449411
5,9899997711182	0,1437886506319	0,10524389892817
5,9949998855591	0,14457710087299	0,10444272309542
6	0,14536111056805	0,10363551974297
6,0050001144409	0,14614062011242	0,1028223708272
6,0100002288818	0,14691558480263	0,10200323164463
6,0149998664856	0,14768598973751	0,10117819160223
6,0199999809265	0,14845173060894	0,10034726560116
6,0250000953674	0,14921279251575	0,099510446190834
6,0300002098083	0,14996913075447	0,098667800426483
6,0349998474121	0,15072068572044	0,097819328308105
6,039999961853	0,15146742761135	0,096965074539185
6,0450000762939	0,15220928192139	0,096105054020882
6,0500001907349	0,15294623374939	0,09523931145668
6,0549998283386	0,15367820858955	0,094367861747742
6,0599999427795	0,15440517663956	0,093490719795227
6,0650000572205	0,15512710809708	0,092607967555523
6,0700001716614	0,15584391355515	0,091719582676888
6,0749998092651	0,15655559301376	0,090825617313385
6,0799999237061	0,15726207196712	0,089926093816757
6,085000038147	0,15796332061291	0,089021049439907
6,0900001525879	0,1586592644453	0,088110528886318
6,0949997901917	0,15934990346432	0,087194547057152
6,0999999046326	0,16003516316414	0,086273141205311
6,1050000190735	0,16071501374245	0,085346333682537
6,1100001335144	0,16138941049576	0,084414176642895
6,1149997711182	0,16205829381943	0,083476699888706
6,1199998855591	0,16272163391113	0,082533933222294
6,125	0,16337938606739	0,081585913896561
6,1300001144409	0,16403150558472	0,080632664263248
6,1350002288818	0,16467794775963	0,079674229025841
6,1399998664856	0,16531866788864	0,078710652887821
6,1449999809265	0,16595363616943	0,077741958200932
6,1500000953674	0,16658280789852	0,076768197119236
6,1550002098083	0,1672061085701	0,075789377093315
6,1599998474121	0,16782355308533	0,074805565178394
6,164999961853	0,16843505203724	0,073816783726215
6,1700000762939	0,16904060542583	0,072823077440262
6,1750001907349	0,16964012384415	0,071824483573437
6,1799998283386	0,17023360729218	0,070821039378643
6,1849999427795	0,17082101106644	0,069812774658203
6,1900000572205	0,17140227556229	0,068799741566181
6,1950001716614	0,1719773709774	0,06778197735548
6,1999998092651	0,17254626750946	0,066759511828423
6,2049999237061	0,17310892045498	0,065732404589653
6,210000038147	0,17366527020931	0,064700677990913
6,2150001525879	0,17421531677246	0,063664384186268
6,2199997901917	0,17475900053978	0,062623560428619
6,2249999046326	0,17529627680779	0,061578240245581
6,2300000190735	0,17582711577415	0,060528483241796
6,2350001335144	0,17635150253773	0,059474315494299
6,2399997711182	0,17686937749386	0,058415800333023
6,2449998855591	0,1773806810379	0,05735294893384
6,25	0,17788542807102	0,056285824626684
6,2550001144409	0,17838352918625	0,05521447211504
6,2600002288818	0,17887499928474	0,0541389323771
6,2649998664856	0,17935977876186	0,053059253841639
6,2699999809265	0,17983783781528	0,051975466310978
6,2750000953674	0,18030913174152	0,050887625664473
6,2800002098083	0,18077363073826	0,049795780330896
6,2849998474121	0,18123130500317	0,048699963837862
6,289999961853	0,18168213963509	0,047600228339434
6,2950000762939	0,18212607502937	0,046496625989676
6,3000001907349	0,18256306648254	0,0453891903162
6,3049998283386	0,1829931139946	0,044277984648943
6,3099999427795	0,18341615796089	0,043163035064936
6,3150000572205	0,18383221328259	0,042044408619404
6,3200001716614	0,18424119055271	0,04092213511467
6,3249998092651	0,18464310467243	0,039796274155378
6,3299999237061	0,1850378960371	0,038666874170303
6,335000038147	0,1854255348444	0,037533972412348
6,3400001525879	0,18580602109432	0,036397621035576
6,3449997901917	0,18617929518223	0,035257875919342
6,3499999046326	0,18654532730579	0,03411477804184
6,3550000190735	0,18690411746502	0,032968379557133
6,3600001335144	0,18725562095642	0,031818736344576
6,3649997711182	0,18759979307652	0,030665887519717
6,3699998855591	0,18793661892414	0,029509883373976
6,375	0,18826608359814	0,028350783511996
6,3800001144409	0,18858814239502	0,027188623324037
6,3850002288818	0,18890279531479	0,026023471727967
6,3899998664856	0,18920996785164	0,024855365976691
6,3949999809265	0,18950967490673	0,023684360086918
6,4000000953674	0,1898019015789	0,022510506212711
6,4050002098083	0,19008658826351	0,021333856508136
6,4099998474121	0,19036373496056	0,02015446126461
6,414999961853	0,19063328206539	0,018972370773554
6,4200000762939	0,19089525938034	0,017787640914321
6,4250001907349	0,1911495923996	0,016600320115685
6,4299998283386	0,19139628112316	0,015410461463034
6,4349999427795	0,19163532555103	0,014218121767044
6,4400000572205	0,19186666607857	0,013023348525167
6,4450001716614	0,1920902878046	0,011826195754111
6,4499998092651	0,1923062056303	0,010626719333231
6,4549999237061	0,19251434504986	0,0094249676913023
6,460000038147	0,19271473586559	0,0082209995016456
6,4650001525879	0,1929073035717	0,007014864590019
6,4699997901917	0,1930920779705	0,005806618835777
6,4749999046326	0,19326902925968	0,0045963153243065
6,4800000190735	0,19343811273575	0,0033840083051473
6,4850001335144	0,19359934329987	0,0021697520278394
6,4899997711182	0,19375269114971	0,00095360068371519
6,4949998855591	0,1938981115818	-0,00026439089560881
6,5	0,19403563439846	-0,001484168227762
6,5050001144409	0,19416519999504	-0,0027056762482971
6,5100002288818	0,19428683817387	-0,0039288601838052
6,5149998664856	0,19440048933029	-0,0051536653190851
6,5199999809265	0,19450615346432	-0,0063800364732742
6,5250000953674	0,19460381567478	-0,0076079159043729
6,5300002098083	0,19469349086285	-0,0088372528553009
6,5349998474121	0,19477508962154	-0,01006798632443
6,539999961853	0,19484868645668	-0,011300065554678
6,5450000762939	0,19491420686245	-0,012533431872725
6,5500001907349	0,19497168064117	-0,013768031261861
6,5549998283386	0,19502106308937	-0,015003805980086
6,5599999427795	0,19506233930588	-0,016240701079369
6,5650000572205	0,19509552419186	-0,017478657886386
6,5700001716614	0,19512060284615	-0,018717622384429
6,5749998092651	0,19513753056526	-0,019957538694143
6,5799999237061	0,19514636695385	-0,021198350936174
6,585000038147	0,19514702260494	-0,022440001368523
6,5900001525879	0,19513954222202	-0,023682430386543
6,5949997901917	0,19512388110161	-0,024925585836172
6,5999999046326	0,19510005414486	-0,02616940997541
6,6050000190735	0,19506803154945	-0,027413846924901
6,6100001335144	0,19502784311771	-0,028658833354712
6,6149997711182	0,19497944414616	-0,029904320836067
6,6199998855591	0,19492284953594	-0,031150251626968
6,625	0,19485804438591	-0,03239656612277
6,6300001144409	0,19478502869606	-0,033643204718828
6,6350002288818	0,19470378756523	-0,034890107810497
6,6399998664856	0,19461432099342	-0,036137230694294
6,6449999809265	0,19451662898064	-0,037384506314993
6,6500000953674	0,19441069662571	-0,03863187879324
6,6550002098083	0,1942965388298	-0,03987929597497
6,6599998474121	0,1941741257906	-0,041126690804958
6,664999961853	0,19404347240925	-0,042374018579721
6,6700000762939	0,19390457868576	-0,043621212244034
6,6750001907349	0,19375742971897	-0,044868215918541
6,6799998283386	0,19360202550888	-0,046114977449179
6,6849999427795	0,19343838095665	-0,047361437231302
6,6900000572205	0,19326648116112	-0,048607535660267
6,6950001716614	0,19308632612228	-0,049853209406137
6,6999998092651	0,19289791584015	-0,051098421216011
6,7049999237061	0,19270126521587	-0,052343092858791
6,710000038147	0,1924963593483	-0,053587172180414
6,7150001525879	0,19228319823742	-0,054830610752106
6,7199997901917	0,19206178188324	-0,056073348969221
6,7249999046326	0,19183214008808	-0,057315316051245
6,7300000190735	0,19159424304962	-0,058556474745274
6,7350001335144	0,19134810566902	-0,059796787798405
6,7399997711182	0,19109374284744	-0,061036054044962
6,7449998855591	0,19083109498024	-0,062274500727654
6,75	0,19056029617786	-0,063511796295643
6,7550001144409	0,1902811974287	-0,064748056232929
6,7600002288818	0,18999393284321	-0,065983064472675
6,7649998664856	0,18969847261906	-0,067216835916042
6,7699999809265	0,18939477205276	-0,068449422717094
6,7750000953674	0,18908287584782	-0,069680653512478
6,7800002098083	0,18876278400421	-0,07091049849987
6,7849998474121	0,18843452632427	-0,072138801217079
6,789999961853	0,18809805810452	-0,073365770280361
6,7950000762939	0,18775346875191	-0,074591010808945
6,8000001907349	0,18740065395832	-0,075814783573151
6,8049998283386	0,18703971803188	-0,077036835253239
6,8099999427795	0,18667063117027	-0,078257158398628
6,8150000572205	0,18629342317581	-0,079475693404675
6,8200001716614	0,1859080940485	-0,080692388117313
6,8249998092651	0,18551462888718	-0,081907197833061
6,8299999237061	0,18511308729649	-0,083120048046112
6,835000038147	0,18470343947411	-0,084330886602402
6,8400001525879	0,18428571522236	-0,085539668798447
6,8449997901917	0,18385992944241	-0,086746335029602
6,8499999046326	0,18342609703541	-0,087950818240643
6,8550000190735	0,1829842031002	-0,089153081178665
6,8600001335144	0,18253427743912	-0,090353049337864
6,8649997711182	0,18207636475563	-0,091550692915916
6,8699998855591	0,18161045014858	-0,092745922505856
6,875	0,18113653361797	-0,093938708305359
6,8800001144409	0,18065464496613	-0,095128983259201
6,8850002288818	0,18016481399536	-0,096316702663898
6,8899998664856	0,17966704070568	-0,097501814365387
6,8949999809265	0,17916133999825	-0,098684243857861
6,9000000953674	0,17864775657654	-0,099863968789577
6,9050002098083	0,17812626063824	-0,10104090720415
6,9099998474121	0,17759688198566	-0,10221500694752
6,914999961853	0,1770596653223	-0,10338622331619
6,9200000762939	0,17651462554932	-0,10455450415611
6,9250001907349	0,17596174776554	-0,10571980476379
6,9299998283386	0,17540107667446	-0,10688204318285
6,9349999427795	0,17483262717724	-0,1080411747098
6,9400000572205	0,17425641417503	-0,10919716209173
6,9450001716614	0,17367246747017	-0,11034994572401
6,9499998092651	0,17308080196381	-0,11149946600199
6,9549999237061	0,17248143255711	-0,1126456707716
6,960000038147	0,17187438905239	-0,11378853023052
6,9650001525879	0,17125970125198	-0,11492796242237
6,9699997901917	0,17063733935356	-0,11606392264366
6,9749999046326	0,17000739276409	-0,11719636619091
6,9800000190735	0,16936986148357	-0,11832524091005
6,9850001335144	0,16872476041317	-0,11945047974586
6,9899997711182	0,1680721193552	-0,12057203054428
6,9949998855591	0,16741193830967	-0,12168988585472
7	0,16674427688122	-0,12280394136906
7,0050001144409	0,16606913506985	-0,12391418218613
7,0100002288818	0,16538654267788	-0,12502053380013
7,0149998664856	0,1646965444088	-0,12612296640873
7,0199999809265	0,1639991402626	-0,12722140550613
7,0250000953674	0,16329436004162	-0,12831582129002
7,0300002098083	0,16258226335049	-0,12940615415573
7,0349998474121	0,16186282038689	-0,1304923593998
7,039999961853	0,16113610565662	-0,13157439231873
7,0450000762939	0,16040208935738	-0,13265219330788
7,0500001907349	0,15966086089611	-0,1337257027626
7,0549998283386	0,15891242027283	-0,13479489088058
7,0599999427795	0,15815679728985	-0,13585971295834
7,0650000572205	0,1573940217495	-0,13692010939121
7,0700001716614	0,15662410855293	-0,13797602057457
7,0749998092651	0,15584713220596	-0,13902741670609
7,0799999237061	0,15506307780743	-0,14007426798344
7,085000038147	0,15427199006081	-0,1411164700985
7,0900001525879	0,15347388386726	-0,14215402305126
7,0949997901917	0,15266878902912	-0,14318686723709
7,0999999046326	0,15185678005219	-0,14421497285366
7,1050000190735	0,15103782713413	-0,14523826539516
7,1100001335144	0,15021201968193	-0,14625670015812
7,1149997711182	0,14937934279442	-0,1472702473402
7,1199998855591	0,14853985607624	-0,14827883243561
7,125	0,14769357442856	-0,14928244054317
7,1300001144409	0,14684055745602	-0,15028102695942
7,1350002288818	0,14598077535629	-0,15127454698086
7,1399998664856	0,14511433243752	-0,15226292610168
7,1449999809265	0,14424122869968	-0,15324614942074
7,1500000953674	0,14336150884628	-0,15422414243221
7,1550002098083	0,14247520267963	-0,15519687533379
7,1599998474121	0,14158234000206	-0,15616434812546
7,164999961853	0,14068295061588	-0,15712644159794
7,1700000762939	0,13977709412575	-0,15808317065239
7,1750001907349	0,13886477053165	-0,159034460783
7,1799998283386	0,13794602453709	-0,15998028218746
7,1849999427795	0,13702091574669	-0,16092059016228
7,1900000572205	0,13608947396278	-0,16185532510281
7,1950001716614	0,13515171408653	-0,16278447210789
7,1999998092651	0,13420768082142	-0,16370798647404
7,2049999237061	0,13325741887093	-0,16462579369545
7,210000038147	0,13230095803738	-0,16553789377213
7,2150001525879	0,13133834302425	-0,16644424200058
7,2199997901917	0,13036958873272	-0,16734476387501
7,2249999046326	0,12939476966858	-0,16823947429657
7,2300000190735	0,12841390073299	-0,16912825405598
7,2350001335144	0,12742701172829	-0,17001113295555
7,2399997711182	0,12643417716026	-0,17088803648949
7,2449998855591	0,12543539702892	-0,17175893485546
7,25	0,12443073093891	-0,17262379825115
7,2550001144409	0,12342020869255	-0,17348258197308
7,2600002288818	0,1224038824439	-0,17433525621891
7,2649998664856	0,1213817819953	-0,17518174648285
7,2699999809265	0,12035394459963	-0,17602203786373
7,2750000953674	0,1193204075098	-0,1768561154604
7,2800002098083	0,11828123033047	-0,17768390476704
7,2849998474121	0,1172364205122	-0,17850539088249
7,289999961853	0,11618606746197	-0,17932054400444
7,2950000762939	0,11513015627861	-0,18012930452824
7,3000001907349	0,11406876891851	-0,18093165755272
7,3049998283386	0,11300194263458	-0,1817275583744
7,3099999427795	0,11192969977856	-0,18251694738865
7,3150000572205	0,11085210740566	-0,18329983949661
7,3200001716614	0,10976918041706	-0,18407616019249
7,3249998092651	0,10868100076914	-0,18484587967396
7,3299999237061	0,10758754611015	-0,18560898303986
7,335000038147	0,10648892819881	-0,18636541068554
7,3400001525879	0,10538513958454	-0,18711516261101
7,3449997901917	0,10427626222372	-0,18785817921162
7,3499999046326	0,10316231101751	-0,18859443068504
7,3550000190735	0,10204333811998	-0,18932388722897
7,3600001335144	0,10091938823462	-0,19004651904106
7,3649997711182	0,099790520966053	-0,19076228141785
7,3699998855591	0,098656736314297	-0,19147118926048
7,375	0,097518131136894	-0,19217313826084
7,3800001144409	0,096374720335007	-0,19286814332008
7,3850002288818	0,095226548612118	-0,19355615973473
7,3899998664856	0,094073660671711	-0,19423717260361
7,3949999809265	0,092916123569012	-0,19491113722324
7,4000000953674	0,091753959655762	-0,19557800889015
7,4050002098083	0,090587221086025	-0,19623778760433
7,4099998474121	0,089415945112705	-0,19689044356346
7,414999961853	0,088240198791027	-0,1975359171629
7,4200000762939	0,087060034275055	-0,19817420840263
7,4250001907349	0,085875429213047	-0,19880530238152
7,4299998283386	0,084686517715454	-0,19942910969257
7,4349999427795	0,083493292331696	-0,20004564523697
7,4400000572205	0,082295797765255	-0,20065489411354
7,4450001716614	0,081094153225422	-0,20125679671764
7,4499998092651	0,079888299107552	-0,20185136795044
7,4549999237061	0,078678339719772	-0,20243851840496
7,460000038147	0,077464312314987	-0,20301829278469
7,4650001525879	0,076246283948421	-0,20359060168266
7,4699997901917	0,075024276971817	-0,20415546000004
7,4749999046326	0,073798336088657	-0,20471285283566
7,4800000190735	0,072568543255329	-0,20526269078255
7,4850001335144	0,071334913372993	-0,2058050185442
7,4899997711182	0,070097491145134	-0,20633979141712
7,4949998855591	0,068856358528137	-0,206866979599
7,5	0,067611522972584	-0,20738655328751
7,5050001144409	0,066363081336021	-0,20789848268032
7,5100002288818	0,065111011266708	-0,2084027826786
7,5149998664856	0,063855424523354	-0,20889937877655
7,5199999809265	0,062596328556538	-0,20938831567764
7,5250000953674	0,061333820223808	-0,20986948907375
7,5300002098083	0,060067906975746	-0,21034294366837
7,5349998474121	0,058798640966415	-0,210808634758
7,539999961853	0,057526089251041	-0,21126653254032
7,5450000762939	0,056250289082527	-0,21171662211418
7,5500001907349	0,054971285164356	-0,21215888857841
7,5549998283386	0,053689174354076	-0,21259331703186
7,5599999427795	0,052403934299946	-0,21301986277103
7,5650000572205	0,051115609705448	-0,2134385406971
7,5700001716614	0,049824357032776	-0,21384930610657
7,5749998092651	0,048530098050833	-0,21425215899944
7,5799999237061	0,04723297804594	-0,21464705467224
7,585000038147	0,045933000743389	-0,21503400802612
7,5900001525879	0,044630214571953	-0,2154129743576
7,5949997901917	0,043324679136276	-0,21578395366669
7,5999999046326	0,042016427963972	-0,21614691615105
7,6050000190735	0,040705550462008	-0,21650183200836
7,6100001335144	0,039392087608576	-0,21684871613979
7,6149997711182	0,038076046854258	-0,21718755364418
7,6199998855591	0,036757551133633	-0,21751829981804
7,625	0,035436574369669	-0,21784095466137
7,6300001144409	0,034113194793463	-0,21815551817417
7,6350002288818	0,03278748691082	-0,21846194565296
7,6399998664856	0,03145944699645	-0,21876023709774
7,6449999809265	0,030129209160805	-0,21905037760735
7,6500000953674	0,028796745464206	-0,21933235228062
7,6550002098083	0,027462132275105	-0,21960616111755
7,6599998474121	0,026125470176339	-0,21987175941467
7,664999961853	0,024786736816168	-0,22012916207314
7,6700000762939	0,023446002975106	-0,22037835419178
7,6750001907349	0,022103328257799	-0,22061932086945
7,6799998283386	0,020758783444762	-0,22085203230381
7,6849999427795	0,01941242069006	-0,22107650339603
7,6900000572205	0,018064215779305	-0,2212927043438
7,6950001716614	0,016714323312044	-0,22150062024593
7,6999998092651	0,015362713485956	-0,22170026600361
7,7049999237061	0,01400946918875	-0,22189162671566
7,710000038147	0,012654663994908	-0,22207464277744
7,7150001525879	0,011298325844109	-0,2222493737936
7,7199997901917	0,0099405059590936	-0,22241577506065
7,7249999046326	0,0085812536999583	-0,2225738465786
7,7300000190735	0,0072206226177514	-0,22272355854511
7,7350001335144	0,0058586648665369	-0,22286492586136
7,7399997711182	0,0044954577460885	-0,22299793362617
7,7449998855591	0,0031310003250837	-0,22312258183956
7,75	0,0017653704853728	-0,22323885560036
7,7550001144409	0,00039862026460469	-0,22334675490856
7,7600002288818	-0,00096919835777953	-0,22344624996185
7,7649998664856	-0,0023380068596452	-0,22353735566139
7,7699999809265	-0,0037078070454299	-0,22362005710602
7,7750000953674	-0,0050785201601684	-0,22369436919689
7,7800002098083	-0,0064500942826271	-0,22376026213169
7,7849998474121	-0,0078224511817098	-0,22381773591042
7,789999961853	-0,0091955913230777	-0,22386676073074
7,7950000762939	-0,010569437406957	-0,22390738129616
7,8000001907349	-0,011943936347961	-0,22393956780434
7,8049998283386	-0,013319063931704	-0,22396332025528
7,8099999427795	-0,014694714918733	-0,22397863864899
7,8150000572205	-0,016070889309049	-0,22398547828197
7,8200001716614	-0,0174475107342	-0,22398391366005
7,8249998092651	-0,018824523314834	-0,22397388517857
7,8299999237061	-0,020201882347465	-0,22395540773869
7,835000038147	-0,021579517051578	-0,22392848134041
7,8400001525879	-0,022957561537623	-0,22389307618141
7,8449997901917	-0,024335553869605	-0,22384923696518
7,8499999046326	-0,025713760405779	-0,22379694879055
7,8550000190735	-0,027092128992081	-0,2237361818552
7,8600001335144	-0,028470503166318	-0,2236669510603
7,8649997711182	-0,029848827049136	-0,22358928620815
7,8699998855591	-0,031227162107825	-0,22350314259529
7,875	-0,032605342566967	-0,22340853512287
7,8800001144409	-0,033983428031206	-0,22330546379089
7,8850002288818	-0,035361152142286	-0,22319394350052
7,8899998664856	-0,036738783121109	-0,22307395935059
7,8949999809265	-0,038115952163935	-0,22294554114342
7,9000000953674	-0,039492819458246	-0,22280864417553
7,9050002098083	-0,040869321674109	-0,22266326844692
7,9099998474121	-0,042245108634233	-0,22250953316689
7,914999961853	-0,043620645999908	-0,22234725952148
7,9200000762939	-0,044995468109846	-0,22217659652233
7,9250001907349	-0,046369720250368	-0,22199745476246
7,9299998283386	-0,047743260860443	-0,22180989384651
7,9349999427795	-0,049116134643555	-0,22161388397217
7,9400000572205	-0,050488188862801	-0,22140945494175
7,9450001716614	-0,051859475672245	-0,22119660675526
7,9499998092651	-0,053229734301567	-0,22097535431385
7,9549999237061	-0,054599229246378	-0,22074563801289
7,960000038147	-0,055967699736357	-0,22050753235817
7,9650001525879	-0,057335194200277	-0,22026100754738
7,9699997901917	-0,05870146304369	-0,220006108284
7,9749999046326	-0,060066655278206	-0,21974281966686
7,9800000190735	-0,061430722475052	-0,21947111189365
7,9850001335144	-0,062793508172035	-0,21919104456902
7,9899997711182	-0,064155071973801	-0,21890258789063
7,9949998855591	-0,065515249967575	-0,21860578656197
8	-0,066874101758003	-0,21830061078072
8,0050001144409	-0,068231470882893	-0,21798707544804
8,0100002288818	-0,069587402045727	-0,21766521036625
8,0150003433228	-0,070941761136055	-0,21733501553535
8,0200004577637	-0,07229458540678	-0,21699647605419
8,0249996185303	-0,07364571839571	-0,21664963662624
8,0299997329712	-0,074995338916779	-0,21629443764687
8,0349998474121	-0,076343059539795	-0,21593099832535
8,039999961853	-0,077689059078693	-0,21555925905704
8,0450000762939	-0,079033255577087	-0,2151792049408
8,0500001907349	-0,080375529825687	-0,21479092538357
8,0550003051758	-0,081715822219849	-0,21439439058304
8,0600004196167	-0,083054289221764	-0,21398957073689
8,0649995803833	-0,084390565752983	-0,21357657015324
8,0699996948242	-0,085724905133247	-0,2131552696228
8,0749998092651	-0,087057165801525	-0,21272575855255
8,0799999237061	-0,088387086987495	-0,21228809654713
8,085000038147	-0,08971493691206	-0,21184219419956
8,0900001525879	-0,091040454804897	-0,21138814091682
8,0950002670288	-0,092363692820072	-0,21092592179775
8,1000003814697	-0,093684501945972	-0,21045556664467
8,1049995422363	-0,095002926886082	-0,20997706055641
8,1099996566772	-0,096318937838078	-0,20949040353298
8,1149997711182	-0,097632355988026	-0,20899567008018
8,1199998855591	-0,098943248391151	-0,20849281549454
8,125	-0,10025157779455	-0,20798186957836
8,1300001144409	-0,10155718773603	-0,2074628919363
8,1350002288818	-0,10286021232605	-0,20693577826023
8,1400003433228	-0,1041604205966	-0,20640067756176
8,1450004577637	-0,1054577678442	-0,20585758984089
8,1499996185303	-0,10675239562988	-0,20530642569065
8,1549997329712	-0,10804405063391	-0,20474728941917
8,1599998474121	-0,10933279246092	-0,20418018102646
8,164999961853	-0,11061858385801	-0,20360508561134
8,1700000762939	-0,11190135776997	-0,20302204787731
8,1750001907349	-0,11318097263575	-0,20243109762669
8,1800003051758	-0,11445748806	-0,20183224976063
8,1850004196167	-0,11573085188866	-0,20122548937798
8,1899995803833	-0,11700101941824	-0,20061083137989
8,1949996948242	-0,11826792359352	-0,19998832046986
8,1999998092651	-0,11953143775463	-0,19935800135136
8,2049999237061	-0,12079165130854	-0,19871982932091
8,210000038147	-0,12204843759537	-0,19807386398315
8,2150001525879	-0,12330184131861	-0,19742006063461
8,2200002670288	-0,12455166131258	-0,1967585682869
8,2250003814697	-0,12579798698425	-0,19608928263187
8,2299995422363	-0,12704069912434	-0,19541227817535
8,2349996566772	-0,12827983498573	-0,19472754001617
8,2399997711182	-0,12951526045799	-0,19403512775898
8,2449998855591	-0,13074694573879	-0,19333505630493
8,25	-0,13197489082813	-0,19262731075287
8,2550001144409	-0,13319897651672	-0,19191198050976
8,2600002288818	-0,13441924750805	-0,19118899106979
8,2650003433228	-0,13563561439514	-0,19045843183994
8,2700004577637	-0,13684803247452	-0,18972028791904
8,2749996185303	-0,13805641233921	-0,1889746338129
8,2799997329712	-0,1392607986927	-0,1882214397192
8,2849998474121	-0,14046105742455	-0,18746075034142
8,289999961853	-0,14165724813938	-0,18669256567955
8,2950000762939	-0,14284923672676	-0,18591691553593
8,3000001907349	-0,14403703808784	-0,18513384461403
8,3050003051758	-0,14522054791451	-0,18434335291386
8,3100004196167	-0,1463997811079	-0,18354550004005
8,3149995803833	-0,14757463335991	-0,18274027109146
8,3199996948242	-0,14874513447285	-0,18192766606808
8,3249998092651	-0,14991116523743	-0,18110780417919
8,3299999237061	-0,15107274055481	-0,180280610919
8,335000038147	-0,15222977101803	-0,17944613099098
8,3400001525879	-0,15338230133057	-0,17860440909863
8,3450002670288	-0,15453019738197	-0,17775547504425
8,3500003814697	-0,15567344427109	-0,17689934372902
8,3549995422363	-0,1568119674921	-0,17603605985641
8,3599996566772	-0,1579457372427	-0,1751656383276
8,3649997711182	-0,15907482802868	-0,17428804934025
8,3699998855591	-0,16019901633263	-0,17340339720249
8,375	-0,16131842136383	-0,17251162230968
8,3800001144409	-0,16243281960487	-0,17161290347576
8,3850002288818	-0,16354231536388	-0,17070710659027
8,3900003433228	-0,16464687883854	-0,16979430615902
8,3950004577637	-0,16574642062187	-0,16887450218201
8,3999996185303	-0,16684082150459	-0,16794784367085
8,4049997329712	-0,16793014109135	-0,16701425611973
8,4099998474121	-0,16901427507401	-0,1660737991333
8,414999961853	-0,17009328305721	-0,16512644290924
8,4200000762939	-0,17116703093052	-0,16417229175568
8,4250001907349	-0,17223551869392	-0,16321131587029
8,4300003051758	-0,17329861223698	-0,16224364936352
8,4350004196167	-0,17435646057129	-0,16126914322376
8,4399995803833	-0,17540886998177	-0,16028796136379
8,4449996948242	-0,17645581066608	-0,15930010378361
8,4499998092651	-0,17749729752541	-0,15830560028553
8,4549999237061	-0,17853330075741	-0,15730442106724
8,460000038147	-0,17956373095512	-0,15629667043686
8,4650001525879	-0,18058855831623	-0,15528234839439
8,4700002670288	-0,18160776793957	-0,15426149964333
8,4750003814697	-0,18262130022049	-0,15323412418365
8,4799995422363	-0,18362906575203	-0,15220031142235
8,4849996566772	-0,18463113903999	-0,15116001665592
8,4899997711182	-0,18562738597393	-0,15011335909367
8,4949998855591	-0,186617821455	-0,14906024932861
8,5	-0,18760241568089	-0,14800080657005
8,5050001144409	-0,18858107924461	-0,14693503081799
8,5100002288818	-0,18955381214619	-0,14586298167706
8,5150003433228	-0,19052049517632	-0,14478471875191
8,5200004577637	-0,19148123264313	-0,14370013773441
8,5249996185303	-0,19243587553501	-0,14260941743851
8,5299997329712	-0,19338445365429	-0,14151251316071
8,5349998474121	-0,19432687759399	-0,14040945470333
8,539999961853	-0,19526308774948	-0,139300391078
8,5450000762939	-0,19619317352772	-0,13818517327309
8,5500001907349	-0,19711694121361	-0,13706396520138
8,5550003051758	-0,1980344504118	-0,13593675196171
8,5600004196167	-0,19894567131996	-0,13480353355408
8,5649995803833	-0,19985049962997	-0,1336644589901
8,5699996948242	-0,20074896514416	-0,13251939415932
8,5749998092651	-0,2016409933567	-0,13136848807335
8,5799999237061	-0,20252650976181	-0,13021183013916
8,585000038147	-0,20340557396412	-0,12904930114746
8,5900001525879	-0,2042780816555	-0,1278810352087
8,5950002670288	-0,2051440179348	-0,12670706212521
8,6000003814697	-0,20600336790085	-0,12552735209465
8,6049995422363	-0,20685604214668	-0,12434204667807
8,6099996566772	-0,2077020406723	-0,12315110862255
8,6149997711182	-0,20854136347771	-0,12195452302694
8,6199998855591	-0,20937389135361	-0,1207524612546
8,625	-0,21019963920116	-0,11954488605261
8,6300001144409	-0,21101862192154	-0,11833176016808
8,6350002288818	-0,21183070540428	-0,11711323261261
8,6400003433228	-0,21263590455055	-0,11588934063911
8,6450004577637	-0,21343415975571	-0,11466007679701
8,6499996185303	-0,21422551572323	-0,11342542618513
8,6549997329712	-0,21500985324383	-0,11218551546335
8,6599998474121	-0,2157871723175	-0,11094035208225
8,664999961853	-0,21655742824078	-0,10968996584415
8,6700000762939	-0,21732060611248	-0,10843440145254
8,6750001907349	-0,21807666122913	-0,10717368125916
8,6800003051758	-0,21882556378841	-0,10590786486864
8,6850004196167	-0,219567283988	-0,1046369895339
8,6899995803833	-0,22030176222324	-0,10336108505726
8,6949996948242	-0,22102899849415	-0,10208018869162
8,6999998092651	-0,22174893319607	-0,10079435259104
8,7049999237061	-0,222461566329	-0,099503606557846
8,710000038147	-0,22316685318947	-0,098207950592041
8,7150001525879	-0,2238647788763	-0,09690747410059
8,7200002670288	-0,22455525398254	-0,095602259039879
8,7250003814697	-0,22523829340935	-0,094292260706425
8,7299995422363	-0,22591388225555	-0,09297750890255
8,7349996566772	-0,22658194601536	-0,091658093035221
8,7399997711182	-0,22724245488644	-0,090334109961987
8,7449998855591	-0,22789543867111	-0,089005455374718
8,75	-0,22854080796242	-0,087672263383865
8,7550001144409	-0,22917853295803	-0,086334586143494
8,7600002288818	-0,22980861365795	-0,084992468357086
8,7650003433228	-0,2304310053587	-0,083645828068256
8,7700004577637	-0,23104566335678	-0,082294881343842
8,7749996185303	-0,23165258765221	-0,080939568579197
8,7799997329712	-0,23225174844265	-0,079579919576645
8,7849998474121	-0,23284308612347	-0,078216046094894
8,789999961853	-0,23342660069466	-0,076847933232784
8,7950000762939	-0,23400223255157	-0,075475603342056
8,8000001907349	-0,23456998169422	-0,074099190533161
8,8050003051758	-0,23512980341911	-0,072718717157841
8,8100004196167	-0,23568166792393	-0,07133412361145
8,8149995803833	-0,23622557520866	-0,069945558905602
8,8199996948242	-0,23676145076752	-0,068553082644939
8,8249998092651	-0,23728930950165	-0,067156605422497
8,8299999237061	-0,23780910670757	-0,065756313502789
8,835000038147	-0,23832082748413	-0,064352110028267
8,8400001525879	-0,23882441222668	-0,062944173812866
8,8450002670288	-0,23931986093521	-0,061532482504845
8,8500003814697	-0,23980712890625	-0,060117084532976
8,8549995422363	-0,24028623104095	-0,058698032051325
8,8599996566772	-0,24075709283352	-0,057275366038084
8,8649997711182	-0,24121971428394	-0,055849127471447
8,8699998855591	-0,24167405068874	-0,054419375956059
8,875	-0,24212008714676	-0,052986148744822
8,8800001144409	-0,24255779385567	-0,05154949426651
8,8850002288818	-0,24298714101315	-0,050109460949898
8,8900003433228	-0,24340814352036	-0,048666093498468
8,8950004577637	-0,24382072687149	-0,047219388186932
8,8999996185303	-0,24422487616539	-0,04576950147748
8,9049997329712	-0,24462057650089	-0,044316366314888
8,9099998474121	-0,24500781297684	-0,042860090732574
8,914999961853	-0,2453865557909	-0,041400663554668
8,9200000762939	-0,2457567602396	-0,039938252419233
8,9250001907349	-0,2461184412241	-0,038472786545753
8,9300003051758	-0,24647152423859	-0,037004373967648
8,9350004196167	-0,24681600928307	-0,035533059388399
8,9399995803833	-0,2471519112587	-0,034058824181557
8,9449996948242	-0,24747914075851	-0,032581802457571
8,9499998092651	-0,247797742486	-0,031101914122701
8,9549999237061	-0,24810764193535	-0,029619382694364
8,960000038147	-0,24840883910656	-0,028134141117334
8,9650001525879	-0,24870128929615	-0,026646299287677
8,9700002670288	-0,24898500740528	-0,025155844166875
8,9750003814697	-0,24925996363163	-0,023662891238928
8,9799995422363	-0,24952609837055	-0,022167425602674
8,9849996566772	-0,24978342652321	-0,020669501274824
8,9899997711182	-0,25003191828728	-0,019169287756085
8,9949998855591	-0,25027161836624	-0,017666656523943
9	-0,25050234794617	-0,016161778941751
9,0050001144409	-0,25072425603867	-0,014654647558928
9,0100002288818	-0,25093719363213	-0,013145308941603
9,0150003433228	-0,25114122033119	-0,011633819900453
9,0200004577637	-0,25133627653122	-0,010120229795575
9,0249996185303	-0,25152239203453	-0,0086047099903226
9,0299997329712	-0,25169950723648	-0,0070871352218091
9,0349998474121	-0,25186756253242	-0,0055676153860986
9,039999961853	-0,25202664732933	-0,0040462641045451
9,0450000762939	-0,25217664241791	-0,0025230129249394
9,0500001907349	-0,25231763720512	-0,0009980354225263
9,0550003051758	-0,25244948267937	0,00052873598178849
9,0600004196167	-0,25257223844528	0,0020571274217218
9,0649995803833	-0,25268590450287	0,0035870862193406
9,0699996948242	-0,25279042124748	0,0051187397912145
9,0749998092651	-0,25288578867912	0,0066518532112241
9,0799999237061	-0,25297194719315	0,0081864325329661
9,085000038147	-0,25304898619652	0,0097224256023765
9,0900001525879	-0,25311678647995	0,011259837076068
9,0950002670288	-0,25317537784576	0,012798492796719
9,1000003814697	-0,25322476029396	0,014338399283588
9,1049995422363	-0,25326490402222	0,01587950065732
9,1099996566772	-0,25329574942589	0,017421863973141
9,1149997711182	-0,25331729650497	0,018965253606439
9,1199998855591	-0,25332960486412	0,020509613677859
9,125	-0,25333258509636	0,022055130451918
9,1300001144409	-0,25332626700401	0,02360144816339
9,1350002288818	-0,25331062078476	0,025148632004857
9,1400003433228	-0,25328561663628	0,026696685701609
9,1450004577637	-0,25325128436089	0,028245491907001
9,1499996185303	-0,25320753455162	0,029795056208968
9,1549997329712	-0,25315445661545	0,031345266848803
9,1599998474121	-0,25309193134308	0,032896123826504
9,164999961853	-0,25302004814148	0,034447446465492
9,1700000762939	-0,25293871760368	0,035999305546284
9,1750001907349	-0,25284799933434	0,037551581859589
9,1800003051758	-0,25274780392647	0,039104275405407
9,1850004196167	-0,2526381611824	0,04065727442503
9,1899995803833	-0,25251907110214	0,042210519313812
9,1949996948242	-0,25239050388336	0,043764069676399
9,1999998092651	-0,25225245952606	0,045317698270082
9,2049999237061	-0,25210493803024	0,046871460974216
9,210000038147	-0,2519479393959	0,048425242304802
9,2150001525879	-0,2517814040184	0,049979098141193
9,2200002670288	-0,25160536170006	0,051532737910748
9,2250003814697	-0,25141981244087	0,053086344152689
9,2299995422363	-0,2512246966362	0,054639849811792
9,2349996566772	-0,25102007389069	0,056192968040705
9,2399997711182	-0,25080591440201	0,05774587392807
9,2449998855591	-0,25058218836784	0,059298388659954
9,25	-0,25034886598587	0,060850579291582
9,2550001144409	-0,25010606646538	0,062402199953794
9,2600002288818	-0,24985367059708	0,063953325152397
9,2650003433228	-0,24959164857864	0,065503872931004
9,2700004577637	-0,24932010471821	0,067053742706776
9,2749996185303	-0,24903897941113	0,068602934479713
9,2799997329712	-0,24874822795391	0,070151381194592
9,2849998474121	-0,24844788014889	0,071699030697346
9,289999961853	-0,24813796579838	0,073245689272881
9,2950000762939	-0,24781845510006	0,074791505932808
9,3000001907349	-0,24748933315277	0,07633625715971
9,3050003051758	-0,24715057015419	0,077880047261715
9,3100004196167	-0,24680225551128	0,079422682523727
9,3149995803833	-0,24644429981709	0,080964155495167
9,3199996948242	-0,24607674777508	0,082504339516163
9,3249998092651	-0,24569955468178	0,084043309092522
9,3299999237061	-0,24531278014183	0,085580877959728
9,335000038147	-0,24491637945175	0,087116993963718
9,3400001525879	-0,24451038241386	0,088651709258556
9,3450002670288	-0,24409475922585	0,090184837579727
9,3500003814697	-0,24366949498653	0,091716445982456
9,3549995422363	-0,24323466420174	0,093246296048164
9,3599996566772	-0,24279017746449	0,09477449208498
9,3649997711182	-0,24233610928059	0,096300937235355
9,3699998855591	-0,24187242984772	0,097825489938259
9,375	-0,24139918386936	0,099348098039627
9,3800001144409	-0,24091631174088	0,10086882859468
9,3850002288818	-0,24042381346226	0,10238753259182
9,3900003433228	-0,23992173373699	0,10390418022871
9,3950004577637	-0,23941004276276	0,10541868954897
9,3999996185303	-0,23888878524303	0,10693096369505
9,4049997329712	-0,23835797607899	0,1084409058094
9,4099998474121	-0,23781752586365	0,10994865745306
9,414999961853	-0,23726756870747	0,11145392805338
9,4200000762939	-0,23670803010464	0,11295680701733
9,4250001907349	-0,23613895475864	0,1144570633769
9,4300003051758	-0,23556026816368	0,11595487594604
9,4350004196167	-0,23497207462788	0,11745001375675
9,4399995803833	-0,23437435925007	0,11894247680902
9,4449996948242	-0,23376706242561	0,1204321756959
9,4499998092651	-0,23315028846264	0,12191908061504
9,4549999237061	-0,23252400755882	0,12340305000544
9,460000038147	-0,23188823461533	0,12488403171301
9,4650001525879	-0,23124293982983	0,12636207044125
9,4700002670288	-0,23058813810349	0,12783712148666
9,4750003814697	-0,22992391884327	0,1293089389801
9,4799995422363	-0,22925019264221	0,13077762722969
9,4849996566772	-0,2285670787096	0,13224302232265
9,4899997711182	-0,22787453234196	0,13370504975319
9,4949998855591	-0,22717249393463	0,13516382873058
9,5	-0,22646109759808	0,13661907613277
9,5050001144409	-0,22574029862881	0,13807083666325
9,5100002288818	-0,2250100672245	0,13951908051968
9,5150003433228	-0,22427047789097	0,14096364378929
9,5200004577637	-0,22352156043053	0,14240457117558
9,5249996185303	-0,22276329994202	0,14384168386459
9,5299997329712	-0,22199572622776	0,14527499675751
9,5349998474121	-0,2212188243866	0,14670445024967
9,539999961853	-0,22043265402317	0,1481299251318
9,5450000762939	-0,219637170434	0,14955148100853
9,5500001907349	-0,21883247792721	0,15096886456013
9,5550003051758	-0,21801845729351	0,15238225460052
9,5600004196167	-0,21719528734684	0,15379136800766
9,5649995803833	-0,21636287868023	0,15519623458385
9,5699996948242	-0,21552129089832	0,15659683942795
9,5749998092651	-0,21467055380344	0,15799298882484
9,5799999237061	-0,21381071209908	0,15938471257687
9,585000038147	-0,21294169127941	0,16077199578285
9,5900001525879	-0,21206356585026	0,16215467453003
9,5950002670288	-0,21117641031742	0,16353270411491
9,6000003814697	-0,21028010547161	0,16490611433983
9,6049995422363	-0,20937480032444	0,16627475619316
9,6099996566772	-0,20846049487591	0,16763855516911
9,6149997711182	-0,20753718912601	0,1689974963665
9,6199998855591	-0,20660491287708	0,17035149037838
9,625	-0,20566369593143	0,17170052230358
9,6300001144409	-0,20471358299255	0,17304447293282
9,6350002288818	-0,20375449955463	0,17438340187073
9,6400003433228	-0,20278660953045	0,17571698129177
9,6450004577637	-0,20180985331535	0,1770454198122
9,6499996185303	-0,20082432031631	0,1783684939146
9,6549997329712	-0,19982995092869	0,17968627810478
9,6599998474121	-0,19882687926292	0,1809985935688
9,664999961853	-0,19781503081322	0,1823054254055
9,6700000762939	-0,19679448008537	0,18360669910908
9,6750001907349	-0,19576524198055	0,18490241467953
9,6800003051758	-0,19472739100456	0,18619237840176
9,6850004196167	-0,1936809271574	0,18747666478157
9,6899995803833	-0,19262586534023	0,18875515460968
9,6949996948242	-0,19156223535538	0,19002775847912
9,6999998092651	-0,19049008190632	0,19129453599453
9,7049999237061	-0,1894094645977	0,1925552636385
9,710000038147	-0,1883203536272	0,19381000101566
9,7150001525879	-0,18722286820412	0,19505859911442
9,7200002670288	-0,18611696362495	0,19630110263824
9,7250003814697	-0,1850026845932	0,19753737747669
9,7299995422363	-0,18388016521931	0,19876728951931
9,7349996566772	-0,1827492415905	0,19999104738235
9,7399997711182	-0,18161012232304	0,2012082785368
9,7449998855591	-0,18046280741692	0,20241911709309
9,75	-0,17930729687214	0,20362344384193
9,7550001144409	-0,17814356088638	0,20482122898102
9,7600002288818	-0,17697188258171	0,20601230859756
9,7650003433228	-0,17579197883606	0,20719686150551
9,7700004577637	-0,17460413277149	0,20837457478046
9,7749996185303	-0,1734082698822	0,20954549312592
9,7799997329712	-0,17220444977283	0,2107096016407
9,7849998474121	-0,17099279165268	0,21186673641205
9,789999961853	-0,16977323591709	0,21301691234112
9,7950000762939	-0,16854572296143	0,21416015923023
9,8000001907349	-0,16731062531471	0,21529620885849
9,8050003051758	-0,16606761515141	0,2164252102375
9,8100004196167	-0,16481699049473	0,21754695475101
9,8149995803833	-0,16355867683887	0,21866151690483
9,8199996948242	-0,16229271888733	0,2197687625885
9,8249998092651	-0,16101925075054	0,22086861729622
9,8299999237061	-0,15973819792271	0,22196108102798
9,835000038147	-0,15844963490963	0,22304612398148
9,8400001525879	-0,15715366601944	0,22412358224392
9,8450002670288	-0,15585027635098	0,22519351541996
9,8500003814697	-0,15453960001469	0,22625578939915
9,8549995422363	-0,15322154760361	0,22731038928032
9,8599996566772	-0,15189631283283	0,22835724055767
9,8649997711182	-0,15056382119656	0,2293963432312
9,8699998855591	-0,14922408759594	0,2304276227951
9,875	-0,14787742495537	0,23145094513893
9,8800001144409	-0,14652362465858	0,232466340065
9,8850002288818	-0,14516274631023	0,23347380757332
9,8900003433228	-0,14379493892193	0,23447316884995
9,8950004577637	-0,14242015779018	0,23546452820301
9,8999996185303	-0,14103864133358	0,23644761741161
9,9049997329712	-0,1396502405405	0,23742255568504
9,9099998474121	-0,13825511932373	0,23838926851749
9,914999961853	-0,13685320317745	0,23934772610664
9,9200000762939	-0,13544476032257	0,2402977347374
9,9250001907349	-0,13402952253819	0,24123948812485
9,9300003051758	-0,13260784745216	0,24217270314693
9,9350004196167	-0,13117970526218	0,24309746921062
9,9399995803833	-0,12974502146244	0,24401372671127
9,9449996948242	-0,128304079175	0,24492134153843
9,9499998092651	-0,12685668468475	0,24582037329674
9,9549999237061	-0,12540303170681	0,24671074748039
9,960000038147	-0,12394314259291	0,24759240448475
9,9650001525879	-0,12247721850872	0,24846522510052
9,9700002670288	-0,12100505828857	0,24932932853699
9,9750003814697	-0,11952683329582	0,25018456578255
9,9799995422363	-0,11804261058569	0,25103092193604
9,9849996566772	-0,11655256152153	0,25186827778816
9,9899997711182	-0,11505648493767	0,2526967227459
9,9949998855591	-0,11355468630791	0,2535160779953
10	-0,11204711347818	0,25432640314102
