

5	0,93527019023895	0,32178440690041	50,595475974591	0
5,0050001144409	0,93716031312943	0,31617230176926	50,595475974591	0
5,0100002288818	0,93901693820953	0,31054863333702	50,595475974591	0
5,0149998664856	0,94084012508392	0,30491361021996	50,595475974591	0
5,0199999809265	0,94262957572937	0,29926747083664	50,595475974591	0
5,0250000953674	0,94438540935516	0,29361042380333	50,595475974591	0
5,0300002098083	0,94610738754272	0,28794258832932	50,595475974591	0
5,0349998474121	0,9477955698967	0,28226420283318	50,595475974591	0
5,039999961853	0,94944989681244	0,27657550573349	50,595475974591	0
5,0450000762939	0,95107012987137	0,27087661623955	50,595475974591	0
5,0500001907349	0,95265644788742	0,26516780257225	50,595475974591	0
5,0549998283386	0,95420867204666	0,25944921374321	50,595475974591	0
5,0599999427795	0,95572656393051	0,25372108817101	50,595475974591	0
5,0650000572205	0,95721030235291	0,24798361957073	50,595475974591	0
5,0700001716614	0,95865976810455	0,24223698675632	50,595475974591	0
5,0749998092651	0,96007484197617	0,2364814132452	50,595475974591	0
5,0799999237061	0,9614554643631	0,23071709275246	50,595475974591	0
5,085000038147	0,96280163526535	0,22494427859783	50,595475974591	0
5,0900001525879	0,96411323547363	0,21916308999062	50,595475974591	0
5,0949997901917	0,96539032459259	0,21337378025055	50,595475974591	0
5,0999999046326	0,96663266420364	0,20757654309273	50,595475974591	0
5,1050000190735	0,96784031391144	0,20177158713341	50,595475974591	0
5,1100001335144	0,96901315450668	0,19595910608768	50,595475974591	0
5,1149997711182	0,97015124559402	0,19013932347298	50,595475974591	0
5,1199998855591	0,97125440835953	0,18431243300438	50,595475974591	0
5,125	0,97232270240784	0,17847865819931	50,595475974591	0
5,1300001144409	0,97335600852966	0,17263822257519	50,595475974591	0
5,1350002288818	0,97435432672501	0,16679127514362	50,595475974591	0
5,1399998664856	0,97531753778458	0,16093806922436	50,595475974591	0
5,1449999809265	0,97624558210373	0,15507878363132	50,595475974591	0
5,1500000953674	0,97713857889175	0,14921367168427	50,595475974591	0
5,1550002098083	0,97799634933472	0,14334292709827	50,595475974591	0
5,1599998474121	0,97881883382797	0,13746672868729	50,595475974591	0
5,164999961853	0,97960609197617	0,13158531486988	50,595475974591	0
5,1700000762939	0,98035800457001	0,12569890916348	50,595475974591	0
5,1750001907349	0,98107463121414	0,119807690382	50,595475974591	0
5,1799998283386	0,98175579309464	0,11391188949347	50,595475974591	0
5,1849999427795	0,98240160942078	0,1080117225647	50,595475974591	0
5,1900000572205	0,98301184177399	0,10210739821196	50,595475974591	0
5,1950001716614	0,9835866689682	0,096199125051498	50,595475974591	0
5,1999998092651	0,98412591218948	0,090287111699581	50,595475974591	0
5,2049999237061	0,98462963104248	0,084371581673622	50,595475974591	0
5,210000038147	0,98509776592255	0,07845276594162	50,595475974591	0
5,2150001525879	0,98553025722504	0,072530828416348	50,595475974591	0
5,2199997901917	0,9859271645546	0,066606037318707	50,595475974591	0
5,2249999046326	0,98628836870193	0,060678578913212	50,595475974591	0
5,2300000190735	0,9866139292717	0,054748676717281	50,595475974591	0
5,2350001335144	0,98690378665924	0,048816543072462	50,595475974591	0
5,2399997711182	0,98715788125992	0,042882401496172	50,595475974591	0
5,2449998855591	0,98737621307373	0,036946456879377	50,595475974591	0
5,25	0,98755872249603	0,031008934602141	50,595475974591	0
5,2550001144409	0,98770558834076	0,025070054456592	50,595475974591	0
5,2600002288818	0,98781657218933	0,01913002319634	50,595475974591	0
5,2649998664856	0,98789173364639	0,013189066201448	50,595475974591	0
5,2699999809265	0,98793107271194	0,0072473953478038	50,595475974591	0
5,2750000953674	0,98793452978134	0,001305231358856	50,595475974591	0
5,2800002098083	0,98790222406387	-0,0046372078359127	50,595475974591	0
5,2849998474121	0,9878340959549	-0,010579705238342	50,595475974591	0
5,289999961853	0,98772996664047	-0,016522040590644	50,595475974591	0
5,2950000762939	0,98759001493454	-0,02246399782598	50,595475974591	0
5,3000001907349	0,98741418123245	-0,028405357152224	50,595475974591	0
5,3049998283386	0,98720252513885	-0,034345895051956	50,595475974591	0
5,3099999427795	0,9869549870491	-0,040285401046276	50,595475974591	0
5,3150000572205	0,98667150735855	-0,046223651617765	50,595475974591	0
5,3200001716614	0,98635214567184	-0,052160423249006	50,595475974591	0
5,3249998092651	0,98599696159363	-0,058095507323742	50,595475974591	0
5,3299999237061	0,98560589551926	-0,064028680324554	50,595475974591	0
5,335000038147	0,98517894744873	-0,069959715008736	50,595475974591	0
5,3400001525879	0,9847160577774	-0,075888387858868	50,595475974591	0
5,3449997901917	0,98421740531921	-0,081814497709274	50,595475974591	0
5,3499999046326	0,98368287086487	-0,087737813591957	50,595475974591	0
5,3550000190735	0,98311251401901	-0,093658111989498	50,595475974591	0
5,3600001335144	0,98250633478165	-0,09957517683506	50,595475974591	0
5,3649997711182	0,98186439275742	-0,10548879951239	50,595475974591	0
5,3699998855591	0,98118656873703	-0,11139886826277	50,595475974591	0
5,375	0,98047298192978	-0,1173048838973	50,595475974591	0
5,3800001144409	0,97972363233566	-0,12320678681135	50,595475974591	0
5,3850002288818	0,97893857955933	-0,12910436093807	50,595475974591	0
5,3899998664856	0,97811782360077	-0,13499741256237	50,595475974591	0
5,3949999809265	0,9772612452507	-0,14088566601276	50,595475974591	0
5,4000000953674	0,9763690829277	-0,14676894247532	50,595475974591	0
5,4050002098083	0,97544127702713	-0,15264703333378	50,595475974591	0
5,4099998474121	0,97447782754898	-0,15851967036724	50,595475974591	0
5,414999961853	0,9734787940979	-0,16438663005829	50,595475974591	0
5,4200000762939	0,97244423627853	-0,17024776339531	50,595475974591	0
5,4250001907349	0,97137403488159	-0,17610277235508	50,595475974591	0
5,4299998283386	0,97026836872101	-0,18195149302483	50,595475974591	0
5,4349999427795	0,96912729740143	-0,18779365718365	50,595475974591	0
5,4400000572205	0,96795070171356	-0,19362908601761	50,595475974591	0
5,4450001716614	0,96673876047134	-0,19945755600929	50,595475974591	0
5,4499998092651	0,96549141407013	-0,20527881383896	50,595475974591	0
5,4549999237061	0,96420878171921	-0,21109265089035	50,595475974591	0
5,460000038147	0,96289080381393	-0,21689887344837	50,595475974591	0
5,4650001525879	0,96153765916824	-0,22269727289677	50,595475974591	0
5,4699997901917	0,96014928817749	-0,22848759591579	50,595475974591	0
5,4749999046326	0,95872575044632	-0,23426961898804	50,595475974591	0
5,4800000190735	0,95726716518402	-0,24004317820072	50,595475974591	0
5,4850001335144	0,9557734131813	-0,24580799043179	50,595475974591	0
5,4899997711182	0,95424467325211	-0,25156384706497	50,595475974591	0
5,4949998855591	0,95268100500107	-0,25731059908867	50,595475974591	0
5,5	0,95108246803284	-0,26304793357849	50,595475974591	0
5,5050001144409	0,94944906234741	-0,26877573132515	50,595475974591	0
5,5100002288818	0,94778084754944	-0,27449369430542	50,595475974591	0
5,5149998664856	0,94607788324356	-0,28020164370537	50,595475974591	0
5,5199999809265	0,94434022903442	-0,28589934110641	50,595475974591	0
5,5250000953674	0,94256800413132	-0,29158663749695	50,595475974591	0
5,5300002098083	0,94076108932495	-0,29726323485374	50,595475974591	0
5,5349998474121	0,93891984224319	-0,30292892456055	50,595475974591	0
5,539999961853	0,93704402446747	-0,30858355760574	50,595475974591	0
5,5450000762939	0,935133934021	-0,31422680616379	50,595475974591	0
5,5500001907349	0,93318945169449	-0,31985861063004	50,595475974591	0
5,5549998283386	0,93121075630188	-0,32547870278358	50,595475974591	0
5,5599999427795	0,92919790744781	-0,33108678460121	50,595475974591	0
5,5650000572205	0,92715090513229	-0,3366827070713	50,595475974591	0
5,5700001716614	0,92506992816925	-0,34226626157761	50,595475974591	0
5,5749998092651	0,92295497655869	-0,34783720970154	50,595475974591	0
5,5799999237061	0,92080616950989	-0,35339537262917	50,595475974591	0
5,585000038147	0,91862350702286	-0,35894051194191	50,595475974591	0
5,5900001525879	0,91640710830688	-0,36447241902351	50,595475974591	0
5,5949997901917	0,9141571521759	-0,36999091506004	50,595475974591	0
5,5999999046326	0,91187363862991	-0,37549579143524	50,595475974591	0
5,6050000190735	0,90955656766891	-0,38098675012589	50,595475974591	0
5,6100001335144	0,9072060585022	-0,38646370172501	50,595475974591	0
5,6149997711182	0,9048222899437	-0,39192634820938	50,595475974591	0
5,6199998855591	0,90240532159805	-0,3973745405674	50,595475974591	0
5,625	0,89995509386063	-0,40280804038048	50,595475974591	0
5,6300001144409	0,89747190475464	-0,40822669863701	50,595475974591	0
5,6350002288818	0,89495575428009	-0,41363018751144	50,595475974591	0
5,6399998664856	0,89240676164627	-0,41901841759682	50,595475974591	0
5,6449999809265	0,88982492685318	-0,4243910908699	50,595475974591	0
5,6500000953674	0,88721036911011	-0,42974808812141	50,595475974591	0
5,6550002098083	0,88456326723099	-0,43508920073509	50,595475974591	0
5,6599998474121	0,88188368082047	-0,44041413068771	50,595475974591	0
5,664999961853	0,87917172908783	-0,44572278857231	50,595475974591	0
5,6700000762939	0,87642741203308	-0,45101490616798	50,595475974591	0
5,6750001907349	0,87365084886551	-0,45629027485847	50,595475974591	0
5,6799998283386	0,87084233760834	-0,46154874563217	50,595475974591	0
5,6849999427795	0,86800169944763	-0,46679005026817	50,595475974591	0
5,6900000572205	0,86512923240662	-0,47201406955719	50,595475974591	0
5,6950001716614	0,86222499608994	-0,47722053527832	50,595475974591	0
5,6999998092651	0,85928910970688	-0,48240929841995	50,595475974591	0
5,7049999237061	0,85632169246674	-0,48758012056351	50,595475974591	0
5,710000038147	0,85332268476486	-0,49273282289505	50,595475974591	0
5,7150001525879	0,85029238462448	-0,49786725640297	50,595475974591	0
5,7199997901917	0,84723091125488	-0,50298309326172	50,595475974591	0
5,7249999046326	0,84413832426071	-0,50808030366898	50,595475974591	0
5,7300000190735	0,84101468324661	-0,51315855979919	50,595475974591	0
5,7350001335144	0,83786022663116	-0,51821774244308	50,595475974591	0
5,7399997711182	0,83467495441437	-0,52325761318207	50,595475974591	0
5,7449998855591	0,83145898580551	-0,52827805280685	50,595475974591	0
5,75	0,82821255922318	-0,53327876329422	50,595475974591	0
5,7550001144409	0,82493579387665	-0,53825968503952	50,595475974591	0
5,7600002288818	0,82162863016129	-0,54322046041489	50,595475974591	0
5,7649998664856	0,81829130649567	-0,54816114902496	50,595475974591	0
5,7699999809265	0,81492400169373	-0,55308133363724	50,595475974591	0
5,7750000953674	0,81152677536011	-0,55798089504242	50,595475974591	0
5,7800002098083	0,80809980630875	-0,56285971403122	50,595475974591	0
5,7849998474121	0,80464309453964	-0,56771749258041	50,595475974591	0
5,789999961853	0,80115699768066	-0,57255405187607	50,595475974591	0
5,7950000762939	0,79764139652252	-0,57736939191818	50,595475974591	0
5,8000001907349	0,79409658908844	-0,58216309547424	50,595475974591	0
5,8049998283386	0,79052269458771	-0,58693504333496	50,595475974591	0
5,8099999427795	0,78691977262497	-0,59168511629105	50,595475974591	0
5,8150000572205	0,78328800201416	-0,59641319513321	50,595475974591	0
5,8200001716614	0,77962750196457	-0,60111898183823	50,595475974591	0
5,8249998092651	0,77593851089478	-0,60580229759216	50,595475974591	0
5,8299999237061	0,77222102880478	-0,61046296358109	50,595475974591	0
5,835000038147	0,76847517490387	-0,61510092020035	50,595475974591	0
5,8400001525879	0,76470124721527	-0,61971592903137	50,595475974591	0
5,8449997901917	0,76089936494827	-0,62430769205093	50,595475974591	0
5,8499999046326	0,75706958770752	-0,62887626886368	50,595475974591	0
5,8550000190735	0,7532120347023	-0,63342130184174	50,595475974591	0
5,8600001335144	0,7493269443512	-0,63794261217117	50,595475974591	0
5,8649997711182	0,74541443586349	-0,64244014024734	50,595475974591	0
5,8699998855591	0,74147468805313	-0,64691370725632	50,595475974591	0
5,875	0,73750776052475	-0,65136301517487	50,595475974591	0
5,8800001144409	0,73351383209229	-0,65578806400299	50,595475974591	0
5,8850002288818	0,72949326038361	-0,66018855571747	50,595475974591	0
5,8899998664856	0,72544580698013	-0,66456437110901	50,595475974591	0
5,8949999809265	0,72137194871902	-0,66891539096832	50,595475974591	0
5,9000000953674	0,71727162599564	-0,67324137687683	50,595475974591	0
5,9050002098083	0,71314531564713	-0,67754220962524	50,595475974591	0
5,9099998474121	0,70899277925491	-0,68181771039963	50,595475974591	0
5,914999961853	0,70481443405151	-0,6860676407814	50,595475974591	0
5,9200000762939	0,70061033964157	-0,69029206037521	50,595475974591	0
5,9250001907349	0,69638067483902	-0,69449067115784	50,595475974591	0
5,9299998283386	0,69212555885315	-0,69866323471069	50,595475974591	0
5,9349999427795	0,68784517049789	-0,70280975103378	50,595475974591	0
5,9400000572205	0,68353986740112	-0,70692986249924	50,595475974591	0
5,9450001716614	0,67920953035355	-0,71102374792099	50,595475974591	0
5,9499998092651	0,67485451698303	-0,71509087085724	50,595475974591	0
5,9549999237061	0,67047476768494	-0,71913135051727	50,595475974591	0
5,960000038147	0,66607081890106	-0,72314494848251	50,595475974591	0
5,9650001525879	0,66164249181747	-0,72713142633438	50,595475974591	0
5,9699997901917	0,6571900844574	-0,73109078407288	50,595475974591	0
5,9749999046326	0,65271383523941	-0,73502272367477	50,595475974591	0
5,9800000190735	0,64821380376816	-0,73892724514008	50,595475974591	0
5,9850001335144	0,64369028806686	-0,7428041100502	50,595475974591	0
5,9899997711182	0,63914328813553	-0,74665319919586	50,595475974591	0
5,9949998855591	0,63457310199738	-0,75047445297241	50,595475974591	0
6	0,62997990846634	-0,75426757335663	50,595475974591	0
6,0050001144409	0,62536382675171	-0,75803250074387	50,595475974591	0
6,0100002288818	0,62072503566742	-0,76176911592484	50,595475974591	0
6,0149998664856	0,6160637140274	-0,7654772400856	50,595475974591	0
6,0199999809265	0,6113800406456	-0,76915669441223	50,595475974591	0
6,0250000953674	0,60667431354523	-0,77280747890472	50,595475974591	0
6,0300002098083	0,60194665193558	-0,77642929553986	50,595475974591	0
6,0349998474121	0,59719705581665	-0,78002220392227	50,595475974591	0
6,039999961853	0,59242594242096	-0,7835858464241	50,595475974591	0
6,0450000762939	0,58763343095779	-0,78712028264999	50,595475974591	0
6,0500001907349	0,58281952142715	-0,79062521457672	50,595475974591	0
6,0549998283386	0,5779846906662	-0,79410064220428	50,595475974591	0
6,0599999427795	0,57312887907028	-0,79754644632339	50,595475974591	0
6,0650000572205	0,56825256347656	-0,80096244812012	50,595475974591	0
6,0700001716614	0,56335556507111	-0,80434840917587	50,595475974591	0
6,0749998092651	0,55843836069107	-0,80770444869995	50,595475974591	0
6,0799999237061	0,55350095033646	-0,81103014945984	50,595475974591	0
6,085000038147	0,54854363203049	-0,81432574987411	50,595475974591	0
6,0900001525879	0,5435665845871	-0,81759077310562	50,595475974591	0
6,0949997901917	0,53856998682022	-0,82082533836365	50,595475974591	0
6,0999999046326	0,53355401754379	-0,82402926683426	50,595475974591	0
6,1050000190735	0,52851891517639	-0,82720237970352	50,595475974591	0
6,1100001335144	0,52346473932266	-0,83034461736679	50,595475974591	0
6,1149997711182	0,51839178800583	-0,83345586061478	50,595475974591	0
6,1199998855591	0,51330029964447	-0,83653593063354	50,595475974591	0
6,125	0,50819039344788	-0,83958476781845	50,595475974591	0
6,1300001144409	0,50306230783463	-0,84260249137878	50,595475974591	0
6,1350002288818	0,49791622161865	-0,84558844566345	50,595475974591	0
6,1399998664856	0,49275231361389	-0,84854304790497	50,595475974591	0
6,1449999809265	0,48757073283195	-0,85146594047546	50,595475974591	0
6,1500000953674	0,48237177729607	-0,85435706377029	50,595475974591	0
6,1550002098083	0,47715562582016	-0,85721629858017	50,595475974591	0
6,1599998474121	0,47192245721817	-0,8600435256958	50,595475974591	0
6,164999961853	0,46667248010635	-0,86283868551254	50,595475974591	0
6,1700000762939	0,46140578389168	-0,86560183763504	50,595475974591	0
6,1750001907349	0,45612278580666	-0,86833250522614	50,595475974591	0
6,1799998283386	0,45082351565361	-0,87103086709976	50,595475974591	0
6,1849999427795	0,44550827145576	-0,87369680404663	50,595475974591	0
6,1900000572205	0,44017717242241	-0,87633013725281	50,595475974591	0
6,1950001716614	0,43483051657677	-0,87893080711365	50,595475974591	0
6,1999998092651	0,42946839332581	-0,88149881362915	50,595475974591	0
6,2049999237061	0,42409110069275	-0,88403385877609	50,595475974591	0
6,210000038147	0,41869884729385	-0,88653600215912	50,595475974591	0
6,2150001525879	0,41329172253609	-0,88900518417358	50,595475974591	0
6,2199997901917	0,40787020325661	-0,89144116640091	50,595475974591	0
6,2249999046326	0,40243405103683	-0,89384400844574	50,595475974591	0
6,2300000190735	0,39698392152786	-0,89621353149414	50,595475974591	0
6,2350001335144	0,3915196955204	-0,89854979515076	50,595475974591	0
6,2399997711182	0,38604190945625	-0,90085256099701	50,595475974591	0
6,2449998855591	0,38055044412613	-0,90312176942825	50,595475974591	0
6,25	0,37504568696022	-0,90535736083984	50,595475974591	0
6,2550001144409	0,36952769756317	-0,90755939483643	50,595475974591	0
6,2600002288818	0,3639968931675	-0,90972757339478	50,595475974591	0
6,2649998664856	0,35845339298248	-0,91186189651489	50,595475974591	0
6,2699999809265	0,35289737582207	-0,91396242380142	50,595475974591	0
6,2750000953674	0,34732910990715	-0,91602885723114	50,595475974591	0
6,2800002098083	0,3417486846447	-0,91806131601334	50,595475974591	0
6,2849998474121	0,33615636825562	-0,92005962133408	50,595475974591	0
6,289999961853	0,33055245876312	-0,92202377319336	50,595475974591	0
6,2950000762939	0,32493707537651	-0,92395371198654	50,595475974591	0
6,3000001907349	0,31931048631668	-0,92584925889969	50,595475974591	0
6,3049998283386	0,31367293000221	-0,92771047353745	50,595475974591	0
6,3099999427795	0,3080245256424	-0,92953723669052	50,595475974591	0
6,3150000572205	0,30236560106277	-0,93132942914963	50,595475974591	0
6,3200001716614	0,29669633507729	-0,93308717012405	50,595475974591	0
6,3249998092651	0,29101669788361	-0,93481022119522	50,595475974591	0
6,3299999237061	0,28532731533051	-0,93649858236313	50,595475974591	0
6,335000038147	0,27962809801102	-0,93815219402313	50,595475974591	0
6,3400001525879	0,27391940355301	-0,93977105617523	50,595475974591	0
6,3449997901917	0,26820147037506	-0,94135510921478	50,595475974591	0
6,3499999046326	0,26247423887253	-0,9429042339325	50,595475974591	0
6,3550000190735	0,25673842430115	-0,94441837072372	50,595475974591	0
6,3600001335144	0,2509937286377	-0,94589751958847	50,595475974591	0
6,3649997711182	0,24524086713791	-0,94734168052673	50,595475974591	0
6,3699998855591	0,23947958648205	-0,94875067472458	50,595475974591	0
6,375	0,23371033370495	-0,9501246213913	50,595475974591	0
6,3800001144409	0,22793333232403	-0,95146334171295	50,595475974591	0
6,3850002288818	0,22214876115322	-0,95276683568954	50,595475974591	0
6,3899998664856	0,21635676920414	-0,95403510332108	50,595475974591	0
6,3949999809265	0,2105577737093	-0,9552680850029	50,595475974591	0
6,4000000953674	0,20475174486637	-0,95646566152573	50,595475974591	0
6,4050002098083	0,19893905520439	-0,9576278924942	50,595475974591	0
6,4099998474121	0,19312000274658	-0,95875477790833	50,595475974591	0
6,414999961853	0,18729458749294	-0,95984607934952	50,595475974591	0
6,4200000762939	0,18146313726902	-0,96090203523636	50,595475974591	0
6,4250001907349	0,17562589049339	-0,96192240715027	50,595475974591	0
6,4299998283386	0,16978302598	-0,96290731430054	50,595475974591	0
6,4349999427795	0,16393478214741	-0,96385657787323	50,595475974591	0
6,4400000572205	0,15808150172234	-0,96477031707764	50,595475974591	0
6,4450001716614	0,15222302079201	-0,96564841270447	50,595475974591	0
6,4499998092651	0,14635995030403	-0,96649086475372	50,595475974591	0
6,4549999237061	0,14049245417118	-0,96729761362076	50,595475974591	0
6,460000038147	0,13462057709694	-0,96806871891022	50,595475974591	0
6,4650001525879	0,12874461710453	-0,96880412101746	50,595475974591	0
6,4699997901917	0,12286479026079	-0,96950381994247	50,595475974591	0
6,4749999046326	0,11698161065578	-0,97016769647598	50,595475974591	0
6,4800000190735	0,11109437048435	-0,97079598903656	50,595475974591	0
6,4850001335144	0,10520428419113	-0,97138839960098	50,595475974591	0
6,4899997711182	0,099311545491219	-0,9719449877739	50,595475974591	0
6,4949998855591	0,093415454030037	-0,97246587276459	50,595475974591	0
6,5	0,087517626583576	-0,97295081615448	50,595475974591	0
6,5050001144409	0,081616885960102	-0,97339999675751	50,595475974591	0
6,5100002288818	0,075714372098446	-0,97381341457367	50,595475974591	0
6,5149998664856	0,069809384644032	-0,97419095039368	50,595475974591	0
6,5199999809265	0,063903525471687	-0,97453260421753	50,595475974591	0
6,5250000953674	0,05799562484026	-0,97483849525452	50,595475974591	0
6,5300002098083	0,052087292075157	-0,97510850429535	50,595475974591	0
6,5349998474121	0,046177342534065	-0,97534269094467	50,595475974591	0
6,539999961853	0,04026647657156	-0,97554105520248	50,595475974591	0
6,5450000762939	0,034355361014605	-0,97570353746414	50,595475974591	0
6,5500001907349	0,028444215655327	-0,97583019733429	50,595475974591	0
6,5549998283386	0,02253233641386	-0,97592103481293	50,595475974591	0
6,5599999427795	0,016620863229036	-0,9759761095047	50,595475974591	0
6,5650000572205	0,010709083639085	-0,97599524259567	50,595475974591	0
6,5700001716614	0,0047986134886742	-0,97597867250443	50,595475974591	0
6,5749998092651	-0,0011112634092569	-0,97592622041702	50,595475974591	0
6,5799999237061	-0,0070198639295995	-0,97583800554276	50,595475974591	0
6,585000038147	-0,012928367592394	-0,97571402788162	50,595475974591	0
6,5900001525879	-0,018834697082639	-0,97555428743362	50,595475974591	0
6,5949997901917	-0,024739101529121	-0,97535878419876	50,595475974591	0
6,5999999046326	-0,030642291530967	-0,97512757778168	50,595475974591	0
6,6050000190735	-0,036543127149343	-0,97486060857773	50,595475974591	0
6,6100001335144	-0,042441386729479	-0,9745579957962	50,595475974591	0
6,6149997711182	-0,048337783664465	-0,97421967983246	50,595475974591	0
6,6199998855591	-0,054231181740761	-0,97384566068649	50,595475974591	0
6,625	-0,060121353715658	-0,9734360575676	50,595475974591	0
6,6300001144409	-0,066009022295475	-0,97299087047577	50,595475974591	0
6,6350002288818	-0,07189304381609	-0,97251009941101	50,595475974591	0
6,6399998664856	-0,077772736549377	-0,97199380397797	50,595475974591	0
6,6449999809265	-0,083649732172489	-0,97144186496735	50,595475974591	0
6,6500000953674	-0,089522443711758	-0,97085452079773	50,595475974591	0
6,6550002098083	-0,095391109585762	-0,97023171186447	50,595475974591	0
6,6599998474121	-0,10125458985567	-0,96957349777222	50,595475974591	0
6,664999961853	-0,1071140691638	-0,96887981891632	50,595475974591	0
6,6700000762939	-0,11296793818474	-0,96815091371536	50,595475974591	0
6,6750001907349	-0,11881782859564	-0,96738648414612	50,595475974591	0
6,6799998283386	-0,12466168403625	-0,9665869474411	50,595475974591	0
6,6849999427795	-0,13050024211407	-0,96575212478638	50,595475974591	0
6,6900000572205	-0,13633324205875	-0,96488201618195	50,595475974591	0
6,6950001716614	-0,14216004312038	-0,9639767408371	50,595475974591	0
6,6999998092651	-0,14798088371754	-0,96303635835648	50,595475974591	0
6,7049999237061	-0,15379510819912	-0,96206098794937	50,595475974591	0
6,710000038147	-0,15960292518139	-0,96105051040649	50,595475974591	0
6,7150001525879	-0,16540370881557	-0,96000510454178	50,595475974591	0
6,7199997901917	-0,17119814455509	-0,95892459154129	50,595475974591	0
6,7249999046326	-0,17698514461517	-0,95780938863754	50,595475974591	0
6,7300000190735	-0,18276488780975	-0,95665919780731	50,595475974591	0
6,7350001335144	-0,18853676319122	-0,95547419786453	50,595475974591	0
6,7399997711182	-0,194300532341	-0,95425462722778	50,595475974591	0
6,7449998855591	-0,20005646348	-0,95300024747849	50,595475974591	0
6,75	-0,20580433309078	-0,95171129703522	50,595475974591	0
6,7550001144409	-0,21154350042343	-0,95038777589798	50,595475974591	0
6,7600002288818	-0,21727418899536	-0,94902968406677	50,595475974591	0
6,7649998664856	-0,22299575805664	-0,94763720035553	50,595475974591	0
6,7699999809265	-0,22870889306068	-0,94621026515961	50,595475974591	0
6,7750000953674	-0,23441202938557	-0,94474911689758	50,595475974591	0
6,7800002098083	-0,24010586738586	-0,94325357675552	50,595475974591	0
6,7849998474121	-0,24579022824764	-0,94172382354736	50,595475974591	0
6,789999961853	-0,25146439671516	-0,94016009569168	50,595475974591	0
6,7950000762939	-0,25712871551514	-0,9385621547699	50,595475974591	0
6,8000001907349	-0,26278272271156	-0,93693023920059	50,595475974591	0
6,8049998283386	-0,26842612028122	-0,93526440858841	50,595475974591	0
6,8099999427795	-0,27405881881714	-0,93356466293335	50,595475974591	0
6,8150000572205	-0,27968063950539	-0,93183106184006	50,595475974591	0
6,8200001716614	-0,28529134392738	-0,93006384372711	50,595475974591	0
6,8249998092651	-0,29089069366455	-0,92826294898987	50,595475974591	0
6,8299999237061	-0,29647850990295	-0,92642843723297	50,595475974591	0
6,835000038147	-0,30205458402634	-0,92456048727036	50,595475974591	0
6,8400001525879	-0,3076189160347	-0,92265909910202	50,595475974591	0
6,8449997901917	-0,31317096948624	-0,92072433233261	50,595475974591	0
6,8499999046326	-0,31871062517166	-0,91875636577606	50,595475974591	0
6,8550000190735	-0,32423794269562	-0,91675519943237	50,595475974591	0
6,8600001335144	-0,32975250482559	-0,91472089290619	50,595475974591	0
6,8649997711182	-0,33525416254997	-0,91265362501144	50,595475974591	0
6,8699998855591	-0,34074264764786	-0,91055333614349	50,595475974591	0
6,875	-0,34621784090996	-0,90842020511627	50,595475974591	0
6,8800001144409	-0,35167962312698	-0,90625441074371	50,595475974591	0
6,8850002288818	-0,35712757706642	-0,90405589342117	50,595475974591	0
6,8899998664856	-0,36256179213524	-0,9018247127533	50,595475974591	0
6,8949999809265	-0,36798185110092	-0,89956116676331	50,595475974591	0
6,9000000953674	-0,37338760495186	-0,89726513624191	50,595475974591	0
6,9050002098083	-0,37877896428108	-0,89493674039841	50,595475974591	0
6,9099998474121	-0,38415557146072	-0,89257627725601	50,595475974591	0
6,914999961853	-0,38951736688614	-0,89018356800079	50,595475974591	0
6,9200000762939	-0,39486411213875	-0,88775885105133	50,595475974591	0
6,9250001907349	-0,40019562840462	-0,88530224561691	50,595475974591	0
6,9299998283386	-0,40551167726517	-0,8828136920929	50,595475974591	0
6,9349999427795	-0,41081222891808	-0,88029354810715	50,595475974591	0
6,9400000572205	-0,41609698534012	-0,87774169445038	50,595475974591	0
6,9450001716614	-0,42136570811272	-0,87515825033188	50,595475974591	0
6,9499998092651	-0,42661824822426	-0,87254345417023	50,595475974591	0
6,9549999237061	-0,43185439705849	-0,86989730596542	50,595475974591	0
6,960000038147	-0,43707403540611	-0,86721992492676	50,595475974591	0
6,9650001525879	-0,44227689504623	-0,86451143026352	50,595475974591	0
6,9699997901917	-0,4474630355835	-0,86177188158035	50,595475974591	0
6,9749999046326	-0,45263186097145	-0,85900151729584	50,595475974591	0
6,9800000190735	-0,45778360962868	-0,85620021820068	50,595475974591	0
6,9850001335144	-0,46291765570641	-0,85336834192276	50,595475974591	0
6,9899997711182	-0,46803429722786	-0,85050582885742	50,595475974591	0
6,9949998855591	-0,47313302755356	-0,84761279821396	50,595475974591	0
7	-0,47821381688118	-0,84468948841095	50,595475974591	0
7,0050001144409	-0,4832763671875	-0,84173589944839	50,595475974591	0
7,0100002288818	-0,48832055926323	-0,83875221014023	50,595475974591	0
7,0149998664856	-0,49334600567818	-0,83573859930038	50,595475974591	0
7,0199999809265	-0,4983529150486	-0,83269506692886	50,595475974591	0
7,0250000953674	-0,50334107875824	-0,82962149381638	50,595475974591	0
7,0300002098083	-0,50831007957458	-0,82651853561401	50,595475974591	0
7,0349998474121	-0,51325976848602	-0,82338601350784	50,595475974591	0
7,039999961853	-0,5181902050972	-0,82022392749786	50,595475974591	0
7,0450000762939	-0,52310085296631	-0,81703269481659	50,595475974591	0
7,0500001907349	-0,52799201011658	-0,81381219625473	50,595475974591	0
7,0549998283386	-0,5328631401062	-0,81056267023087	50,595475974591	0
7,0599999427795	-0,5377140045166	-0,80728429555893	50,595475974591	0
7,0650000572205	-0,54254472255707	-0,80397701263428	50,595475974591	0
7,0700001716614	-0,54735523462296	-0,8006409406662	50,595475974591	0
7,0749998092651	-0,55214470624924	-0,7972766160965	50,595475974591	0
7,0799999237061	-0,55691361427307	-0,79388374090195	50,595475974591	0
7,085000038147	-0,56166177988052	-0,79046243429184	50,595475974591	0
7,0900001525879	-0,56638866662979	-0,78701317310333	50,595475974591	0
7,0949997901917	-0,57109415531158	-0,78353583812714	50,595475974591	0
7,0999999046326	-0,57577848434448	-0,7800304889679	50,595475974591	0
7,1050000190735	-0,58044099807739	-0,77649754285812	50,595475974591	0
7,1100001335144	-0,58508187532425	-0,77293682098389	50,595475974591	0
7,1149997711182	-0,58970081806183	-0,76934868097305	50,595475974591	0
7,1199998855591	-0,59429752826691	-0,76573330163956	50,595475974591	0
7,125	-0,59887236356735	-0,76209038496017	50,595475974591	0
7,1300001144409	-0,60342442989349	-0,75842076539993	50,595475974591	0
7,1350002288818	-0,60795420408249	-0,75472384691238	50,595475974591	0
7,1399998664856	-0,6124609708786	-0,75100046396255	50,595475974591	0
7,1449999809265	-0,61694502830505	-0,74725025892258	50,595475974591	0
7,1500000953674	-0,62140613794327	-0,74347341060638	50,595475974591	0
7,1550002098083	-0,62584406137466	-0,7396702170372	50,595475974591	0
7,1599998474121	-0,63025856018066	-0,73584091663361	50,595475974591	0
7,164999961853	-0,63464963436127	-0,73198539018631	50,595475974591	0
7,1700000762939	-0,6390169262886	-0,72810411453247	50,595475974591	0
7,1750001907349	-0,64336055517197	-0,72419685125351	50,595475974591	0
7,1799998283386	-0,64768028259277	-0,72026401758194	50,595475974591	0
7,1849999427795	-0,65197587013245	-0,71630561351776	50,595475974591	0
7,1900000572205	-0,65624737739563	-0,71232169866562	50,595475974591	0
7,1950001716614	-0,66049438714981	-0,70831280946732	50,595475974591	0
7,1999998092651	-0,66471672058105	-0,70427882671356	50,595475974591	0
7,2049999237061	-0,66891443729401	-0,70021998882294	50,595475974591	0
7,210000038147	-0,67308759689331	-0,69613605737686	50,595475974591	0
7,2150001525879	-0,67723566293716	-0,69202774763107	50,595475974591	0
7,2199997901917	-0,68135845661163	-0,68789505958557	50,595475974591	0
7,2249999046326	-0,68545603752136	-0,68373799324036	50,595475974591	0
7,2300000190735	-0,68952828645706	-0,67955672740936	50,595475974591	0
7,2350001335144	-0,69357514381409	-0,67535138130188	50,595475974591	0
7,2399997711182	-0,69759613275528	-0,67112243175507	50,595475974591	0
7,2449998855591	-0,70159149169922	-0,6668695807457	50,595475974591	0
7,25	-0,7055606842041	-0,66259342432022	50,595475974591	0
7,2550001144409	-0,70950388908386	-0,65829372406006	50,595475974591	0
7,2600002288818	-0,71342098712921	-0,65397089719772	50,595475974591	0
7,2649998664856	-0,71731168031693	-0,64962500333786	50,595475974591	0
7,2699999809265	-0,72117578983307	-0,6452562212944	50,595475974591	0
7,2750000953674	-0,72501331567764	-0,64086484909058	50,595475974591	0
7,2800002098083	-0,72882425785065	-0,6364506483078	50,595475974591	0
7,2849998474121	-0,73260825872421	-0,63201409578323	50,595475974591	0
7,289999961853	-0,73636513948441	-0,62755554914474	50,595475974591	0
7,2950000762939	-0,74009507894516	-0,62307459115982	50,595475974591	0
7,3000001907349	-0,74379748106003	-0,61857205629349	50,595475974591	0
7,3049998283386	-0,74747276306152	-0,61404746770859	50,595475974591	0
7,3099999427795	-0,75112056732178	-0,60950142145157	50,595475974591	0
7,3150000572205	-0,75474047660828	-0,60493409633636	50,595475974591	0
7,3200001716614	-0,75833278894424	-0,60034543275833	50,595475974591	0
7,3249998092651	-0,76189714670181	-0,5957356095314	50,595475974591	0
7,3299999237061	-0,76543354988098	-0,59110504388809	50,595475974591	0
7,335000038147	-0,76894176006317	-0,5864537358284	50,595475974591	0
7,3400001525879	-0,77242177724838	-0,58178168535233	50,595475974591	0
7,3449997901917	-0,77587342262268	-0,57708948850632	50,595475974591	0
7,3499999046326	-0,77929675579071	-0,57237666845322	50,595475974591	0
7,3550000190735	-0,78269135951996	-0,56764405965805	50,595475974591	0
7,3600001335144	-0,78605717420578	-0,56289166212082	50,595475974591	0
7,3649997711182	-0,78939419984818	-0,55811953544617	50,595475974591	0
7,3699998855591	-0,79270249605179	-0,5533275604248	50,595475974591	0
7,375	-0,79598152637482	-0,54851645231247	50,595475974591	0
7,3800001144409	-0,7992314696312	-0,54368621110916	50,595475974591	0
7,3850002288818	-0,80245214700699	-0,53883701562881	50,595475974591	0
7,3899998664856	-0,80564343929291	-0,53396886587143	50,595475974591	0
7,3949999809265	-0,80880522727966	-0,52908200025558	50,595475974591	0
7,4000000953674	-0,81193733215332	-0,52417701482773	50,595475974591	0
7,4050002098083	-0,81503981351852	-0,51925355195999	50,595475974591	0
7,4099998474121	-0,81811261177063	-0,51431179046631	50,595475974591	0
7,414999961853	-0,82115530967712	-0,50935238599777	50,595475974591	0
7,4200000762939	-0,82416826486588	-0,50437480211258	50,595475974591	0
7,4250001907349	-0,82715094089508	-0,4993799328804	50,595475974591	0
7,4299998283386	-0,83010333776474	-0,49436774849892	50,595475974591	0
7,4349999427795	-0,83302539587021	-0,48933836817741	50,595475974591	0
7,4400000572205	-0,83591729402542	-0,48429161310196	50,595475974591	0
7,4450001716614	-0,83877849578857	-0,47922825813293	50,595475974591	0
7,4499998092651	-0,84160923957825	-0,47414809465408	50,595475974591	0
7,4549999237061	-0,84440916776657	-0,46905171871185	50,595475974591	0
7,460000038147	-0,84717828035355	-0,46393886208534	50,595475974591	0
7,4650001525879	-0,84991663694382	-0,45880976319313	50,595475974591	0
7,4699997901917	-0,85262387990952	-0,45366501808167	50,595475974591	0
7,4749999046326	-0,85530012845993	-0,44850435853004	50,595475974591	0
7,4800000190735	-0,85794520378113	-0,4433282315731	50,595475974591	0
7,4850001335144	-0,86055898666382	-0,43813678622246	50,595475974591	0
7,4899997711182	-0,86314165592194	-0,43292978405952	50,595475974591	0
7,4949998855591	-0,86569261550903	-0,42770826816559	50,595475974591	0
7,5	-0,86821228265762	-0,42247161269188	50,595475974591	0
7,5050001144409	-0,87070024013519	-0,4172206223011	50,595475974591	0
7,5100002288818	-0,87315654754639	-0,41195499897003	50,595475974591	0
7,5149998664856	-0,87558114528656	-0,40667530894279	50,595475974591	0
7,5199999809265	-0,87797391414642	-0,40138134360313	50,595475974591	0
7,5250000953674	-0,88033479452133	-0,39607357978821	50,595475974591	0
7,5300002098083	-0,882663667202	-0,39075231552124	50,595475974591	0
7,5349998474121	-0,88496047258377	-0,38541734218597	50,595475974591	0
7,539999961853	-0,88722509145737	-0,38006940484047	50,595475974591	0
7,5450000762939	-0,88945752382278	-0,37470802664757	50,595475974591	0
7,5500001907349	-0,89165759086609	-0,36933401226997	50,595475974591	0
7,5549998283386	-0,89382547140121	-0,36394694447517	50,595475974591	0
7,5599999427795	-0,89596074819565	-0,35854768753052	50,595475974591	0
7,5650000572205	-0,89806365966797	-0,35313594341278	50,595475974591	0
7,5700001716614	-0,90013390779495	-0,34771212935448	50,595475974591	0
7,5749998092651	-0,90217143297195	-0,34227651357651	50,595475974591	0
7,5799999237061	-0,90417641401291	-0,33682894706726	50,595475974591	0
7,585000038147	-0,90614849328995	-0,33136999607086	50,595475974591	0
7,5900001525879	-0,90808773040771	-0,32589974999428	50,595475974591	0
7,5949997901917	-0,90999406576157	-0,32041823863983	50,595475974591	0
7,5999999046326	-0,91186755895615	-0,31492564082146	50,595475974591	0
7,6050000190735	-0,91370791196823	-0,30942237377167	50,595475974591	0
7,6100001335144	-0,91551512479782	-0,30390879511833	50,595475974591	0
7,6149997711182	-0,91728925704956	-0,2983845770359	50,595475974591	0
7,6199998855591	-0,91903018951416	-0,29285004734993	50,595475974591	0
7,625	-0,92073774337769	-0,28730607032776	50,595475974591	0
7,6300001144409	-0,92241215705872	-0,28175178170204	50,595475974591	0
7,6350002288818	-0,92405313253403	-0,27618819475174	50,595475974591	0
7,6399998664856	-0,92566061019897	-0,27061513066292	50,595475974591	0
7,6449999809265	-0,9272346496582	-0,26503297686577	50,595475974591	0
7,6500000953674	-0,92877513170242	-0,25944197177887	50,595475974591	0
7,6550002098083	-0,93028199672699	-0,25384202599525	50,595475974591	0
7,6599998474121	-0,93175530433655	-0,24823363125324	50,595475974591	0
7,664999961853	-0,93319493532181	-0,24261654913425	50,595475974591	0
7,6700000762939	-0,93460083007813	-0,23699133098125	50,595475974591	0
7,6750001907349	-0,93597286939621	-0,2313587218523	50,595475974591	0
7,6799998283386	-0,93731123209	-0,22571778297424	50,595475974591	0
7,6849999427795	-0,93861562013626	-0,2200693488121	50,595475974591	0
7,6900000572205	-0,93988609313965	-0,21441367268562	50,595475974591	0
7,6950001716614	-0,94112282991409	-0,20875047147274	50,595475974591	0
7,6999998092651	-0,94232529401779	-0,20308062434196	50,595475974591	0
7,7049999237061	-0,94349390268326	-0,1974041312933	50,595475974591	0
7,710000038147	-0,94462841749191	-0,191720739007	50,595475974591	0
7,7150001525879	-0,94572877883911	-0,18603134155273	50,595475974591	0
7,7199997901917	-0,94679516553879	-0,18033541738987	50,595475974591	0
7,7249999046326	-0,94782733917236	-0,17463368177414	50,595475974591	0
7,7300000190735	-0,94882529973984	-0,16892606019974	50,595475974591	0
7,7350001335144	-0,94978904724121	-0,16321301460266	50,595475974591	0
7,7399997711182	-0,95071852207184	-0,15749450027943	50,595475974591	0
7,7449998855591	-0,95161366462708	-0,15177096426487	50,595475974591	0
7,75	-0,95247453451157	-0,14604261517525	50,595475974591	0
7,7550001144409	-0,95330107212067	-0,14030942320824	50,595475974591	0
7,7600002288818	-0,95409321784973	-0,13457158207893	50,595475974591	0
7,7649998664856	-0,95485097169876	-0,12882955372334	50,595475974591	0
7,7699999809265	-0,9555743932724	-0,12308330088854	50,595475974591	0
7,7750000953674	-0,95626324415207	-0,11733324080706	50,595475974591	0
7,7800002098083	-0,95691776275635	-0,11157937347889	50,595475974591	0
7,7849998474121	-0,9575377702713	-0,10582189261913	50,595475974591	0
7,789999961853	-0,95812326669693	-0,10006099939346	50,595475974591	0
7,7950000762939	-0,95867431163788	-0,094297140836716	50,595475974591	0
7,8000001907349	-0,95919078588486	-0,088530518114567	50,595475974591	0
7,8049998283386	-0,95967274904251	-0,082761101424694	50,595475974591	0
7,8099999427795	-0,96012002229691	-0,076989099383354	50,595475974591	0
7,8150000572205	-0,96053284406662	-0,071214951574802	50,595475974591	0
7,8200001716614	-0,96091109514236	-0,065438643097878	50,595475974591	0
7,8249998092651	-0,96125477552414	-0,059660360217094	50,595475974591	0
7,8299999237061	-0,96156376600266	-0,053880322724581	50,595475974591	0
7,835000038147	-0,96183824539185	-0,04809919372201	50,595475974591	0
7,8400001525879	-0,96207797527313	-0,04231671243906	50,595475974591	0
7,8449997901917	-0,96228325366974	-0,036532867699862	50,595475974591	0
7,8499999046326	-0,96245384216309	-0,030748546123505	50,595475974591	0
7,8550000190735	-0,96258980035782	-0,024963038042188	50,595475974591	0
7,8600001335144	-0,96269118785858	-0,019177468493581	50,595475974591	0
7,8649997711182	-0,96275782585144	-0,01339181419462	50,595475974591	0
7,8699998855591	-0,96278995275497	-0,0076055941171944	50,595475974591	0
7,875	-0,96278738975525	-0,0018199301557615	50,595475974591	0
7,8800001144409	-0,96275019645691	0,0039654285646975	50,595475974591	0
7,8850002288818	-0,9626784324646	0,0097500467672944	50,595475974591	0
7,8899998664856	-0,96257203817368	0,01553394831717	50,595475974591	0
7,8949999809265	-0,96243101358414	0,021317385137081	50,595475974591	0
7,9000000953674	-0,96225541830063	0,027099004015326	50,595475974591	0
7,9050002098083	-0,96204519271851	0,032879516482353	50,595475974591	0
7,9099998474121	-0,96180045604706	0,038658257573843	50,595475974591	0
7,914999961853	-0,961521089077	0,044435478746891	50,595475974591	0
7,9200000762939	-0,96120715141296	0,050210289657116	50,595475974591	0
7,9250001907349	-0,96085870265961	0,055983167141676	50,595475974591	0
7,9299998283386	-0,96047574281693	0,061753675341606	50,595475974591	0
7,9349999427795	-0,96005827188492	0,067521400749683	50,595475974591	0
7,9400000572205	-0,95960628986359	0,073286101222038	50,595475974591	0
7,9450001716614	-0,95911979675293	0,079048052430153	50,595475974591	0
7,9499998092651	-0,95859885215759	0,084806814789772	50,595475974591	0
7,9549999237061	-0,95804357528687	0,090561963617802	50,595475974591	0
7,960000038147	-0,95745372772217	0,09631372988224	50,595475974591	0
7,9650001525879	-0,95682960748672	0,10206147283316	50,595475974591	0
7,9699997901917	-0,95617109537125	0,10780498385429	50,595475974591	0
7,9749999046326	-0,95547819137573	0,11354449391365	50,595475974591	0
7,9800000190735	-0,95475095510483	0,11927936971188	50,595475974591	0
7,9850001335144	-0,95398938655853	0,12500984966755	50,595475974591	0
7,9899997711182	-0,95319372415543	0,130735039711	50,595475974591	0
7,9949998855591	-0,95236366987228	0,13645565509796	50,595475974591	0
8	-0,95149952173233	0,14217080175877	50,595475974591	0
8,0050001144409	-0,95060122013092	0,14788030087948	50,595475974591	0
8,0100002288818	-0,94966876506805	0,15358437597752	50,595475974591	0
8,0150003433228	-0,94870215654373	0,15928214788437	50,595475974591	0
8,0200004577637	-0,9477014541626	0,16497431695461	50,595475974591	0
8,0249996185303	-0,9466667175293	0,17066024243832	50,595475974591	0
8,0299997329712	-0,94559812545776	0,17633925378323	50,595475974591	0
8,0349998474121	-0,94449549913406	0,18201184272766	50,595475974591	0
8,039999961853	-0,94335901737213	0,18767757713795	50,595475974591	0
8,0450000762939	-0,94218862056732	0,19333623349667	50,595475974591	0
8,0500001907349	-0,94098448753357	0,1989873945713	50,595475974591	0
8,0550003051758	-0,93974643945694	0,2046313136816	50,595475974591	0
8,0600004196167	-0,93847465515137	0,21026758849621	50,595475974591	0
8,0649995803833	-0,93716925382614	0,21589574217796	50,595475974591	0
8,0699996948242	-0,93583017587662	0,22151608765125	50,595475974591	0
8,0749998092651	-0,93445754051208	0,22712790966034	50,595475974591	0
8,0799999237061	-0,93305140733719	0,23273126780987	50,595475974591	0
8,085000038147	-0,93161171674728	0,23832595348358	50,595475974591	0
8,0900001525879	-0,93013852834702	0,24391198158264	50,595475974591	0
8,0950002670288	-0,92863208055496	0,24948874115944	50,595475974591	0
8,1000003814697	-0,92709219455719	0,25505620241165	50,595475974591	0
8,1049995422363	-0,92551910877228	0,26061421632767	50,595475974591	0
8,1099996566772	-0,92391270399094	0,26616275310516	50,595475974591	0
8,1149997711182	-0,92227327823639	0,27170100808144	50,595475974591	0
8,1199998855591	-0,9206006526947	0,27722942829132	50,595475974591	0
8,125	-0,91889500617981	0,28274756669998	50,595475974591	0
8,1300001144409	-0,91715639829636	0,28825527429581	50,595475974591	0
8,1350002288818	-0,91538482904434	0,29375252127647	50,595475974591	0
8,1400003433228	-0,9135804772377	0,29923847317696	50,595475974591	0
8,1450004577637	-0,91174322366714	0,30471384525299	50,595475974591	0
8,1499996185303	-0,9098733663559	0,31017774343491	50,595475974591	0
8,1549997329712	-0,90797066688538	0,31563040614128	50,595475974591	0
8,1599998474121	-0,90603560209274	0,32107099890709	50,595475974591	0
8,164999961853	-0,90406793355942	0,32650020718575	50,595475974591	0
8,1700000762939	-0,90206778049469	0,33191719651222	50,595475974591	0
8,1750001907349	-0,9000352025032	0,33732214570045	50,595475974591	0
8,1800003051758	-0,89797043800354	0,34271448850632	50,595475974591	0
8,1850004196167	-0,89587330818176	0,34809467196465	50,595475974591	0
8,1899995803833	-0,89374405145645	0,35346180200577	50,595475974591	0
8,1949996948242	-0,89158284664154	0,35881581902504	50,595475974591	0
8,1999998092651	-0,8893895149231	0,36415675282478	50,595475974591	0
8,2049999237061	-0,8871642947197	0,3694843351841	50,595475974591	0
8,210000038147	-0,88490718603134	0,3747985959053	50,595475974591	0
8,2150001525879	-0,88261836767197	0,38009893894196	50,595475974591	0
8,2200002670288	-0,88029783964157	0,38538530468941	50,595475974591	0
8,2250003814697	-0,8779456615448	0,39065772294998	50,595475974591	0
8,2299995422363	-0,87556195259094	0,39591583609581	50,595475974591	0
8,2349996566772	-0,87314695119858	0,4011592566967	50,595475974591	0
8,2399997711182	-0,87070041894913	0,40638840198517	50,595475974591	0
8,2449998855591	-0,8682227730751	0,41160243749619	50,595475974591	0
8,25	-0,86571389436722	0,41680136322975	50,595475974591	0
8,2550001144409	-0,86317402124405	0,4219850897789	50,595475974591	0
8,2600002288818	-0,86060303449631	0,42715355753899	50,595475974591	0
8,2650003433228	-0,85800123214722	0,43230617046356	50,595475974591	0
8,2700004577637	-0,85536843538284	0,43744337558746	50,595475974591	0
8,2749996185303	-0,85270512104034	0,44256442785263	50,595475974591	0
8,2799997329712	-0,85001105070114	0,44766944646835	50,595475974591	0
8,2849998474121	-0,84728652238846	0,45275813341141	50,595475974591	0
8,289999961853	-0,84453141689301	0,45783025026321	50,595475974591	0
8,2950000762939	-0,84174621105194	0,46288567781448	50,595475974591	0
8,3000001907349	-0,83893072605133	0,46792414784431	50,595475974591	0
8,3050003051758	-0,83608496189117	0,47294571995735	50,595475974591	0
8,3100004196167	-0,83320945501328	0,47794967889786	50,595475974591	0
8,3149995803833	-0,83030384778976	0,48293650150299	50,595475974591	0
8,3199996948242	-0,82736819982529	0,48790615797043	50,595475974591	0
8,3249998092651	-0,82440310716629	0,49285757541656	50,595475974591	0
8,3299999237061	-0,82140827178955	0,49779117107391	50,595475974591	0
8,335000038147	-0,81838393211365	0,50270664691925	50,595475974591	0
8,3400001525879	-0,81533026695251	0,50760370492935	50,595475974591	0
8,3450002670288	-0,8122473359108	0,51248234510422	50,595475974591	0
8,3500003814697	-0,80913513898849	0,51734238862991	50,595475974591	0
8,3549995422363	-0,80599391460419	0,5221836566925	50,595475974591	0
8,3599996566772	-0,80282360315323	0,5270060300827	50,595475974591	0
8,3649997711182	-0,79962450265884	0,53180909156799	50,595475974591	0
8,3699998855591	-0,79639685153961	0,53659266233444	50,595475974591	0
8,375	-0,79314029216766	0,54135704040527	50,595475974591	0
8,3800001144409	-0,78985524177551	0,54610168933868	50,595475974591	0
8,3850002288818	-0,78654211759567	0,55082625150681	50,595475974591	0
8,3900003433228	-0,78320038318634	0,55553108453751	50,595475974591	0
8,3950004577637	-0,77983069419861	0,5602154135704	50,595475974591	0
8,3999996185303	-0,7764328122139	0,5648797750473	50,595475974591	0
8,4049997329712	-0,77300709486008	0,56952339410782	50,595475974591	0
8,4099998474121	-0,7695534825325	0,57414638996124	50,595475974591	0
8,414999961853	-0,76607233285904	0,57874846458435	50,595475974591	0
8,4200000762939	-0,76256364583969	0,58332943916321	50,595475974591	0
8,4250001907349	-0,7590274810791	0,5878894329071	50,595475974591	0
8,4300003051758	-0,75546395778656	0,59242808818817	50,595475974591	0
8,4350004196167	-0,751873254776	0,59694516658783	50,595475974591	0
8,4399995803833	-0,74825572967529	0,60144037008286	50,595475974591	0
8,4449996948242	-0,7446112036705	0,60591387748718	50,595475974591	0
8,4499998092651	-0,74093979597092	0,61036539077759	50,595475974591	0
8,4549999237061	-0,73724180459976	0,61479473114014	50,595475974591	0
8,460000038147	-0,73351716995239	0,61920183897018	50,595475974591	0
8,4650001525879	-0,72976624965668	0,62358641624451	50,595475974591	0
8,4700002670288	-0,72598910331726	0,62794828414917	50,595475974591	0
8,4750003814697	-0,72218579053879	0,63228744268417	50,595475974591	0
8,4799995422363	-0,7183563709259	0,63660377264023	50,595475974591	0
8,4849996566772	-0,71450138092041	0,64089673757553	50,595475974591	0
8,4899997711182	-0,71062046289444	0,64516651630402	50,595475974591	0
8,4949998855591	-0,70671397447586	0,64941298961639	50,595475974591	0
8,5	-0,70278209447861	0,6536357998848	50,595475974591	0
8,5050001144409	-0,69882482290268	0,65783506631851	50,595475974591	0
8,5100002288818	-0,69484251737595	0,66201025247574	50,595475974591	0
8,5150003433228	-0,69083517789841	0,66616135835648	50,595475974591	0
8,5200004577637	-0,686802983284	0,67028844356537	50,595475974591	0
8,5249996185303	-0,68274611234665	0,6743910908699	50,595475974591	0
8,5299997329712	-0,67866444587708	0,6784695982933	50,595475974591	0
8,5349998474121	-0,67455852031708	0,6825230717659	50,595475974591	0
8,539999961853	-0,6704283952713	0,68655186891556	50,595475974591	0
8,5450000762939	-0,66627389192581	0,69055587053299	50,595475974591	0
8,5500001907349	-0,66209542751312	0,69453477859497	50,595475974591	0
8,5550003051758	-0,65789312124252	0,69848853349686	50,595475974591	0
8,5600004196167	-0,6536670923233	0,70241683721542	50,595475974591	0
8,5649995803833	-0,64941775798798	0,70631963014603	50,595475974591	0
8,5699996948242	-0,64514482021332	0,71019685268402	50,595475974591	0
8,5749998092651	-0,64084857702255	0,71404838562012	50,595475974591	0
8,5799999237061	-0,63652938604355	0,71787387132645	50,595475974591	0
8,585000038147	-0,63218712806702	0,7216734290123	50,595475974591	0
8,5900001525879	-0,62782222032547	0,7254467010498	50,595475974591	0
8,5950002670288	-0,62343472242355	0,72919350862503	50,595475974591	0
8,6000003814697	-0,61902457475662	0,7329141497612	50,595475974591	0
8,6049995422363	-0,61459213495255	0,73660802841187	50,595475974591	0
8,6099996566772	-0,61013776063919	0,74027508497238	50,595475974591	0
8,6149997711182	-0,60566109418869	0,74391549825668	50,595475974591	0
8,6199998855591	-0,60116267204285	0,7475289106369	50,595475974591	0
8,625	-0,59664273262024	0,75111502408981	50,595475974591	0
8,6300001144409	-0,59210133552551	0,75467383861542	50,595475974591	0
8,6350002288818	-0,58753830194473	0,75820541381836	50,595475974591	0
8,6400003433228	-0,58295422792435	0,76170933246613	50,595475974591	0
8,6450004577637	-0,57834923267365	0,76518565416336	50,595475974591	0
8,6499996185303	-0,57372313737869	0,76863425970078	50,595475974591	0
8,6549997329712	-0,56907683610916	0,77205467224121	50,595475974591	0
8,6599998474121	-0,56440937519073	0,77544742822647	50,595475974591	0
8,664999961853	-0,55972212553024	0,77881175279617	50,595475974591	0
8,6700000762939	-0,5550143122673	0,78214794397354	50,595475974591	0
8,6750001907349	-0,55028623342514	0,78545594215393	50,595475974591	0
8,6800003051758	-0,54553884267807	0,78873509168625	50,595475974591	0
8,6850004196167	-0,54077190160751	0,79198545217514	50,595475974591	0
8,6899995803833	-0,53598475456238	0,79520756006241	50,595475974591	0
8,6949996948242	-0,53117859363556	0,79840052127838	50,595475974591	0
8,6999998092651	-0,5263534784317	0,80156445503235	50,595475974591	0
8,7049999237061	-0,52150917053223	0,80469924211502	50,595475974591	0
8,710000038147	-0,51664590835571	0,80780500173569	50,595475974591	0
8,7150001525879	-0,51176428794861	0,81088119745255	50,595475974591	0
8,7200002670288	-0,50686413049698	0,81392806768417	50,595475974591	0
8,7250003814697	-0,50194561481476	0,8169452548027	50,595475974591	0
8,7299995422363	-0,49700888991356	0,81993287801743	50,595475974591	0
8,7349996566772	-0,49205419421196	0,8228907585144	50,595475974591	0
8,7399997711182	-0,48708206415176	0,82581853866577	50,595475974591	0
8,7449998855591	-0,48209211230278	0,82871639728546	50,595475974591	0
8,75	-0,47708463668823	0,83158415555954	50,595475974591	0
8,7550001144409	-0,47206011414528	0,83442169427872	50,595475974591	0
8,7600002288818	-0,46701848506927	0,83722895383835	50,595475974591	0
8,7650003433228	-0,46196016669273	0,84000563621521	50,595475974591	0
8,7700004577637	-0,45688492059708	0,84275197982788	50,595475974591	0
8,7749996185303	-0,45179346203804	0,84546744823456	50,595475974591	0
8,7799997329712	-0,44668546319008	0,84815227985382	50,595475974591	0
8,7849998474121	-0,44156131148338	0,85080641508102	50,595475974591	0
8,789999961853	-0,4364213347435	0,8534294962883	50,595475974591	0
8,7950000762939	-0,43126553297043	0,85602152347565	50,595475974591	0
8,8000001907349	-0,42609414458275	0,85858255624771	50,595475974591	0
8,8050003051758	-0,42090752720833	0,86111223697662	50,595475974591	0
8,8100004196167	-0,41570562124252	0,86361062526703	50,595475974591	0
8,8149995803833	-0,41048863530159	0,86607754230499	50,595475974591	0
8,8199996948242	-0,40525683760643	0,8685131072998	50,595475974591	0
8,8249998092651	-0,40001052618027	0,87091684341431	50,595475974591	0
8,8299999237061	-0,39474961161613	0,87328910827637	50,595475974591	0
8,835000038147	-0,38947442173958	0,87562960386276	50,595475974591	0
8,8400001525879	-0,38418534398079	0,87793815135956	50,595475974591	0
8,8450002670288	-0,3788822889328	0,8802148103714	50,595475974591	0
8,8500003814697	-0,37356555461884	0,88245940208435	50,595475974591	0
8,8549995422363	-0,36823537945747	0,88467186689377	50,595475974591	0
8,8599996566772	-0,36289176344872	0,88685214519501	50,595475974591	0
8,8649997711182	-0,3575351536274	0,88900011777878	50,595475974591	0
8,8699998855591	-0,35216557979584	0,89111578464508	50,595475974591	0
8,875	-0,34678331017494	0,89319902658463	50,595475974591	0
8,8800001144409	-0,34138855338097	0,89524966478348	50,595475974591	0
8,8850002288818	-0,33598145842552	0,89726775884628	50,595475974591	0
8,8900003433228	-0,33056235313416	0,89925312995911	50,595475974591	0
8,8950004577637	-0,32513108849525	0,90120577812195	50,595475974591	0
8,8999996185303	-0,31968820095062	0,90312570333481	50,595475974591	0
8,9049997329712	-0,31423372030258	0,90501266717911	50,595475974591	0
8,9099998474121	-0,308768004179	0,9068666100502	50,595475974591	0
8,914999961853	-0,3032910823822	0,90868759155273	50,595475974591	0
8,9200000762939	-0,29780325293541	0,91047537326813	50,595475974591	0
8,9250001907349	-0,29230457544327	0,91223013401031	50,595475974591	0
8,9300003051758	-0,28679543733597	0,91395151615143	50,595475974591	0
8,9350004196167	-0,28127589821815	0,9156396985054	50,595475974591	0
8,9399995803833	-0,2757463157177	0,91729444265366	50,595475974591	0
8,9449996948242	-0,27020674943924	0,91891574859619	50,595475974591	0
8,9499998092651	-0,26465749740601	0,92050361633301	50,595475974591	0
8,9549999237061	-0,25909858942032	0,92205792665482	50,595475974591	0
8,960000038147	-0,25353041291237	0,92357856035233	50,595475974591	0
8,9650001525879	-0,24795308709145	0,92506563663483	50,595475974591	0
8,9700002670288	-0,24236676096916	0,92651891708374	50,595475974591	0
8,9750003814697	-0,23677171766758	0,92793840169907	50,595475974591	0
8,9799995422363	-0,23116821050644	0,9293240904808	50,595475974591	0
8,9849996566772	-0,22555637359619	0,93067586421967	50,595475974591	0
8,9899997711182	-0,21993638575077	0,93199372291565	50,595475974591	0
8,9949998855591	-0,21430855989456	0,93327748775482	50,595475974591	0
9	-0,20867301523685	0,93452733755112	50,595475974591	0
9,0050001144409	-0,20302982628345	0,93574303388596	50,595475974591	0
9,0100002288818	-0,19737954437733	0,93692457675934	50,595475974591	0
9,0150003433228	-0,19172205030918	0,93807202577591	50,595475974591	0
9,0200004577637	-0,18605773150921	0,93918514251709	50,595475974591	0
9,0249996185303	-0,18038649857044	0,94026404619217	50,595475974591	0
9,0299997329712	-0,17470914125443	0,94130861759186	50,595475974591	0
9,0349998474121	-0,1690252572298	0,94231879711151	50,595475974591	0
9,039999961853	-0,16333541274071	0,94329470396042	50,595475974591	0
9,0450000762939	-0,15763980150223	0,94423609972	50,595475974591	0
9,0500001907349	-0,15193854272366	0,9451430439949	50,595475974591	0
9,0550003051758	-0,14623181521893	0,94601535797119	50,595475974591	0
9,0600004196167	-0,14051976799965	0,94685328006744	50,595475974591	0
9,0649995803833	-0,13480278849602	0,94765657186508	50,595475974591	0
9,0699996948242	-0,12908098101616	0,94842523336411	50,595475974591	0
9,0749998092651	-0,12335459142923	0,94915932416916	50,595475974591	0
9,0799999237061	-0,11762388795614	0,94985872507095	50,595475974591	0
9,085000038147	-0,11188889294863	0,95052343606949	50,595475974591	0
9,0900001525879	-0,10614991933107	0,95115339756012	50,595475974591	0
9,0950002670288	-0,10040740668774	0,95174866914749	50,595475974591	0
9,1000003814697	-0,094661101698875	0,95230913162231	50,595475974591	0
9,1049995422363	-0,088911555707455	0,95283472537994	50,595475974591	0
9,1099996566772	-0,083158895373344	0,95332562923431	50,595475974591	0
9,1149997711182	-0,077403411269188	0,95378166437149	50,595475974591	0
9,1199998855591	-0,071645103394985	0,95420277118683	50,595475974591	0
9,125	-0,065884180366993	0,95458906888962	50,595475974591	0
9,1300001144409	-0,060121200978756	0,95494037866592	50,595475974591	0
9,1350002288818	-0,054356139153242	0,95525687932968	50,595475974591	0
9,1400003433228	-0,04858909919858	0,9555384516716	50,595475974591	0
9,1450004577637	-0,042820524424314	0,95578509569168	50,595475974591	0
9,1499996185303	-0,037050507962704	0,95599675178528	50,595475974591	0
9,1549997329712	-0,031279150396585	0,95617353916168	50,595475974591	0
9,1599998474121	-0,02550689317286	0,9563153386116	50,595475974591	0
9,164999961853	-0,01973383128643	0,9564220905304	50,595475974591	0
9,1700000762939	-0,013960066251457	0,95649391412735	50,595475974591	0
9,1750001907349	-0,0081860367208719	0,95653074979782	50,595475974591	0
9,1800003051758	-0,0024118439760059	0,95653253793716	50,595475974591	0
9,1850004196167	0,0033623003400862	0,95649939775467	50,595475974591	0
9,1899995803833	0,0091361831873655	0,95643126964569	50,595475974591	0
9,1949996948242	0,014909592457116	0,95632815361023	50,595475974591	0
9,1999998092651	0,02068242803216	0,95619004964828	50,595475974591	0
9,2049999237061	0,02645424939692	0,95601695775986	50,595475974591	0
9,210000038147	0,032224956899881	0,9558088183403	50,595475974591	0
9,2150001525879	0,037994228303432	0,95556581020355	50,595475974591	0
9,2200002670288	0,043762184679508	0,95528769493103	50,595475974591	0
9,2250003814697	0,049528278410435	0,95497477054596	50,595475974591	0
9,2299995422363	0,055292401462793	0,95462679862976	50,595475974591	0
9,2349996566772	0,061054352670908	0,95424389839172	50,595475974591	0
9,2399997711182	0,066813915967941	0,95382606983185	50,595475974591	0
9,2449998855591	0,072570979595184	0,95337325334549	50,595475974591	0
9,25	0,078325115144253	0,95288562774658	50,595475974591	0
9,2550001144409	0,084076233208179	0,95236313343048	50,595475974591	0
9,2600002288818	0,089824214577675	0,9518056511879	50,595475974591	0
9,2650003433228	0,095568634569645	0,95121341943741	50,595475974591	0
9,2700004577637	0,10130938887596	0,95058631896973	50,595475974591	0
9,2749996185303	0,1070463731885	0,9499244093895	50,595475974591	0
9,2799997329712	0,11277915537357	0,94922769069672	50,595475974591	0
9,2849998474121	0,11850774288177	0,94849616289139	50,595475974591	0
9,289999961853	0,12423171848059	0,94773000478745	50,595475974591	0
9,2950000762939	0,12995107471943	0,94692903757095	50,595475974591	0
9,3000001907349	0,13566547632217	0,94609344005585	50,595475974591	0
9,3050003051758	0,14137473702431	0,94522315263748	50,595475974591	0
9,3100004196167	0,14707864820957	0,9443182349205	50,595475974591	0
9,3149995803833	0,15277697145939	0,94337874650955	50,595475974591	0
9,3199996948242	0,15846940875053	0,94240462779999	50,595475974591	0
9,3249998092651	0,1641560792923	0,94139605760574	50,595475974591	0
9,3299999237061	0,16983643174171	0,94035297632217	50,595475974591	0
9,335000038147	0,17551048099995	0,93927538394928	50,595475974591	0
9,3400001525879	0,18117779493332	0,93816339969635	50,595475974591	0
9,3450002670288	0,1868382692337	0,93701696395874	50,595475974591	0
9,3500003814697	0,19249179959297	0,93583631515503	50,595475974591	0
9,3549995422363	0,19813810288906	0,93462133407593	50,595475974591	0
9,3599996566772	0,20377679169178	0,93337202072144	50,595475974591	0
9,3649997711182	0,20940797030926	0,93208855390549	50,595475974591	0
9,3699998855591	0,21503123641014	0,93077087402344	50,595475974591	0
9,375	0,22064651548862	0,92941904067993	50,595475974591	0
9,3800001144409	0,22625339031219	0,92803317308426	50,595475974591	0
9,3850002288818	0,23185177147388	0,92661339044571	50,595475974591	0
9,3900003433228	0,23744143545628	0,92515951395035	50,595475974591	0
9,3950004577637	0,2430222928524	0,92367172241211	50,595475974591	0
9,3999996185303	0,24859400093555	0,92215013504028	50,595475974591	0
9,4049997329712	0,2541563808918	0,92059463262558	50,595475974591	0
9,4099998474121	0,25970932841301	0,91900539398193	50,595475974591	0
9,414999961853	0,26525241136551	0,91738247871399	50,595475974591	0
9,4200000762939	0,27078557014465	0,91572594642639	50,595475974591	0
9,4250001907349	0,27630862593651	0,9140357375145	50,595475974591	0
9,4300003051758	0,28182128071785	0,91231215000153	50,595475974591	0
9,4350004196167	0,28732350468636	0,9105549454689	50,595475974591	0
9,4399995803833	0,29281491041183	0,90876442193985	50,595475974591	0
9,4449996948242	0,29829519987106	0,90694057941437	50,595475974591	0
9,4499998092651	0,30376464128494	0,90508335828781	50,595475974591	0
9,4549999237061	0,30922245979309	0,9031930565834	50,595475974591	0
9,460000038147	0,31466880440712	0,9012696146965	50,595475974591	0
9,4650001525879	0,32010337710381	0,89931309223175	50,595475974591	0
9,4700002670288	0,32552593946457	0,89732354879379	50,595475974591	0
9,4750003814697	0,33093631267548	0,89530110359192	50,595475974591	0
9,4799995422363	0,33633440732956	0,89324587583542	50,595475974591	0
9,4849996566772	0,34171980619431	0,89115780591965	50,595475974591	0
9,4899997711182	0,34709247946739	0,88903707265854	50,595475974591	0
9,4949998855591	0,35245227813721	0,88688361644745	50,595475974591	0
9,5	0,35779869556427	0,88469779491425	50,595475974591	0
9,5050001144409	0,36313191056252	0,88247936964035	50,595475974591	0
9,5100002288818	0,36845156550407	0,88022869825363	50,595475974591	0
9,5150003433228	0,37375736236572	0,87794560194016	50,595475974591	0
9,5200004577637	0,37904912233353	0,87563037872314	50,595475974591	0
9,5249996185303	0,38432687520981	0,87328296899796	50,595475974591	0
9,5299997329712	0,3895902633667	0,87090349197388	50,595475974591	0
9,5349998474121	0,39483898878098	0,86849218606949	50,595475974591	0
9,539999961853	0,40007302165031	0,86604887247086	50,595475974591	0
9,5450000762939	0,40529218316078	0,86357378959656	50,595475974591	0
9,5500001907349	0,41049599647522	0,86106717586517	50,595475974591	0
9,5550003051758	0,41568464040756	0,85852879285812	50,595475974591	0
9,5600004196167	0,42085775732994	0,85595893859863	50,595475974591	0
9,5649995803833	0,42601522803307	0,85335773229599	50,595475974591	0
9,5699996948242	0,43115669488907	0,8507251739502	50,595475974591	0
9,5749998092651	0,43628200888634	0,84806144237518	50,595475974591	0
9,5799999237061	0,44139117002487	0,84536647796631	50,595475974591	0
9,585000038147	0,44648364186287	0,8426405787468	50,595475974591	0
9,5900001525879	0,45155966281891	0,83988374471664	50,595475974591	0
9,5950002670288	0,45661878585815	0,8370960354805	50,595475974591	0
9,6000003814697	0,46166083216667	0,83427762985229	50,595475974591	0
9,6049995422363	0,46668562293053	0,83142864704132	50,595475974591	0
9,6099996566772	0,47169297933578	0,82854914665222	50,595475974591	0
9,6149997711182	0,47668287158012	0,825639128685	50,595475974591	0
9,6199998855591	0,48165479302406	0,82269901037216	50,595475974591	0
9,625	0,48660883307457	0,81972855329514	50,595475974591	0
9,6300001144409	0,49154451489449	0,81672811508179	50,595475974591	0
9,6350002288818	0,49646240472794	0,81369745731354	50,595475974591	0
9,6400003433228	0,50136119127274	0,81063723564148	50,595475974591	0
9,6450004577637	0,50624144077301	0,80754721164703	50,595475974591	0
9,6499996185303	0,51110249757767	0,80442762374878	50,595475974591	0
9,6549997329712	0,51594507694244	0,80127829313278	50,595475974591	0
9,6599998474121	0,52076774835587	0,79809981584549	50,595475974591	0
9,664999961853	0,52557164430618	0,79489177465439	50,595475974591	0
9,6700000762939	0,53035563230515	0,79165464639664	50,595475974591	0
9,6750001907349	0,53511959314346	0,78838872909546	50,595475974591	0
9,6800003051758	0,53986418247223	0,78509342670441	50,595475974591	0
9,6850004196167	0,54458832740784	0,78176945447922	50,595475974591	0
9,6899995803833	0,54929196834564	0,77841699123383	50,595475974591	0
9,6949996948242	0,55397534370422	0,77503591775894	50,595475974591	0
9,6999998092651	0,55863815546036	0,77162617444992	50,595475974591	0
9,7049999237061	0,5632798075676	0,76818829774857	50,595475974591	0
9,710000038147	0,56790035963058	0,76472252607346	50,595475974591	0
9,7150001525879	0,57249981164932	0,76122844219208	50,595475974591	0
9,7200002670288	0,57707804441452	0,75770634412766	50,595475974591	0
9,7250003814697	0,58163493871689	0,75415641069412	50,595475974591	0
9,7299995422363	0,58616995811462	0,75057888031006	50,595475974591	0
9,7349996566772	0,5906828045845	0,74697405099869	50,595475974591	0
9,7399997711182	0,59517383575439	0,74334162473679	50,595475974591	0
9,7449998855591	0,59964281320572	0,73968195915222	50,595475974591	0
9,75	0,60408914089203	0,73599517345428	50,595475974591	0
9,7550001144409	0,60851347446442	0,73228108882904	50,595475974591	0
9,7600002288818	0,6129145026207	0,72854059934616	50,595475974591	0
9,7650003433228	0,61729288101196	0,72477322816849	50,595475974591	0
9,7700004577637	0,62164831161499	0,72097915410995	50,595475974591	0
9,7749996185303	0,62598031759262	0,71715885400772	50,595475974591	0
9,7799997329712	0,63028919696808	0,71331214904785	50,595475974591	0
9,7849998474121	0,63457465171814	0,70943909883499	50,595475974591	0
9,789999961853	0,63883626461029	0,70554029941559	50,595475974591	0
9,7950000762939	0,64307415485382	0,70161545276642	50,595475974591	0
9,8000001907349	0,64728796482086	0,69766497612	50,595475974591	0
9,8050003051758	0,65147763490677	0,69368892908096	50,595475974591	0
9,8100004196167	0,65564298629761	0,68968743085861	50,595475974591	0
9,8149995803833	0,65978389978409	0,68566066026688	50,595475974591	0
9,8199996948242	0,66390025615692	0,6816086769104	50,595475974591	0
9,8249998092651	0,66799175739288	0,67753177881241	50,595475974591	0
9,8299999237061	0,67205840349197	0,67343008518219	50,595475974591	0
9,835000038147	0,67610001564026	0,66930365562439	50,595475974591	0
9,8400001525879	0,68011629581451	0,66515272855759	50,595475974591	0
9,8450002670288	0,68410730361938	0,66097730398178	50,595475974591	0
9,8500003814697	0,68807274103165	0,65677779912949	50,595475974591	0
9,8549995422363	0,69201254844666	0,6525542140007	50,595475974591	0
9,8599996566772	0,69592648744583	0,64830660820007	50,595475974591	0
9,8649997711182	0,69981461763382	0,64403533935547	50,595475974591	0
9,8699998855591	0,70367646217346	0,63974040746689	50,595475974591	0
9,875	0,70751214027405	0,63542205095291	50,595475974591	0
9,8800001144409	0,71132147312164	0,63108050823212	50,595475974591	0
9,8850002288818	0,71510422229767	0,62671571969986	50,595475974591	0
9,8900003433228	0,71886032819748	0,62232804298401	50,595475974591	0
9,8950004577637	0,72258961200714	0,61791759729385	50,595475974591	0
9,8999996185303	0,72629183530807	0,61348450183868	50,595475974591	0
9,9049997329712	0,72996705770493	0,60902899503708	50,595475974591	0
9,9099998474121	0,73361504077911	0,60455107688904	50,595475974591	0
9,914999961853	0,73723566532135	0,60005110502243	50,595475974591	0
9,9200000762939	0,74082881212234	0,59552919864655	50,595475974591	0
9,9250001907349	0,74439430236816	0,59098535776138	50,595475974591	0
9,9300003051758	0,74793201684952	0,58641993999481	50,595475974591	0
9,9350004196167	0,75144189596176	0,58183312416077	50,595475974591	0
9,9399995803833	0,75492364168167	0,57722491025925	50,595475974591	0
9,9449996948242	0,75837731361389	0,57259565591812	50,595475974591	0
9,9499998092651	0,76180267333984	0,56794548034668	50,595475974591	0
9,9549999237061	0,76519954204559	0,56327450275421	50,595475974591	0
9,960000038147	0,76856797933578	0,55858284235001	50,595475974591	0
9,9650001525879	0,77190768718719	0,55387073755264	50,595475974591	0
9,9700002670288	0,77521860599518	0,54913848638535	50,595475974591	0
9,9750003814697	0,77850067615509	0,54438608884811	50,595475974591	0
9,9799995422363	0,78175359964371	0,53961384296417	50,595475974591	0
9,9849996566772	0,78497743606567	0,53482168912888	50,595475974591	0
9,9899997711182	0,78817194700241	0,53001022338867	50,595475974591	0
9,9949998855591	0,79133707284927	0,52517920732498	50,595475974591	0
10	0,79447263479233	0,52032905817032	50,595475974591	0
