

5	-0,020946580916643	0,081578508019447
5,0050001144409	-0,020491663366556	0,081780947744846
5,0100002288818	-0,020035278052092	0,081981293857098
5,0149998664856	-0,019577419385314	0,08217953145504
5,0199999809265	-0,019118070602417	0,082375638186932
5,0250000953674	-0,018657246604562	0,082569628953934
5,0300002098083	-0,018194947391748	0,082761488854885
5,0349998474121	-0,01773115247488	0,082951195538044
5,039999961853	-0,017265876755118	0,083138756453991
5,0450000762939	-0,016799109056592	0,083324149250984
5,0500001907349	-0,016330864280462	0,083507373929024
5,0549998283386	-0,015861110761762	0,083688423037529
5,0599999427795	-0,015389895066619	0,083867274224758
5,0650000572205	-0,014917162247002	0,08404391258955
5,0700001716614	-0,014442950487137	0,084218353033066
5,0749998092651	-0,013967234641314	0,084390558302402
5,0799999237061	-0,013490035198629	0,08456052839756
5,085000038147	-0,013011334463954	0,084728240966797
5,0900001525879	-0,012531151995063	0,084893696010113
5,0949997901917	-0,012049455195665	0,085056878626347
5,0999999046326	-0,011566289700568	0,085217773914337
5,1050000190735	-0,011081613600254	0,085376374423504
5,1100001335144	-0,010595442727208	0,085532642900944
5,1149997711182	-0,010107775218785	0,085686594247818
5,1199998855591	-0,0096186390146613	0,085838206112385
5,125	-0,0091279912739992	0,085987463593483
5,1300001144409	-0,0086358478292823	0,086134344339371
5,1350002288818	-0,0081422375515103	0,086278840899467
5,1399998664856	-0,0076471287757158	0,086420938372612
5,1449999809265	-0,0071505387313664	0,086560621857643
5,1500000953674	-0,0066524650901556	0,086697869002819
5,1550002098083	-0,0061529166996479	0,08683267980814
5,1599998474121	-0,0056518912315369	0,086965017020702
5,164999961853	-0,0051493877544999	0,087094880640507
5,1700000762939	-0,0046454141847789	0,087222255766392
5,1750001907349	-0,0041399789042771	0,087347112596035
5,1799998283386	-0,0036330716684461	0,087469451129436
5,1849999427795	-0,0031247108709067	0,087589234113693
5,1900000572205	-0,0026148958131671	0,087706461548805
5,1950001716614	-0,0021036150865257	0,087821111083031
5,1999998092651	-0,0015909102512524	0,087933167815208
5,2049999237061	-0,0010767589556053	0,088042594492435
5,210000038147	-0,00056117185158655	0,088149406015873
5,2150001525879	-4,4137967051938e-05	0,088253565132618
5,2199997901917	0,00047431120765395	0,088355056941509
5,2249999046326	0,00099417555611581	0,088453859090805
5,2300000190735	0,0015154441352934	0,088549964129925
5,2350001335144	0,0020381167996675	0,088643349707127
5,2399997711182	0,0025621922686696	0,088733986020088
5,2449998855591	0,0030876595992595	0,088821865618229
5,25	0,0036145069170743	0,088906958699226
5,2550001144409	0,0041427230462432	0,088989272713661
5,2600002288818	0,0046723056584597	0,08906876295805
5,2649998664856	0,0052032428793609	0,089145421981812
5,2699999809265	0,0057355430908501	0,089219227433205
5,2750000953674	0,006269162055105	0,089290156960487
5,2800002098083	0,006804118398577	0,089358195662498
5,2849998474121	0,0073403990827501	0,089423313736916
5,289999961853	0,0078779803588986	0,089485503733158
5,2950000762939	0,0084168594330549	0,089544750750065
5,3000001907349	0,0089570321142673	0,089601032435894
5,3049998283386	0,0094984853640199	0,089654318988323
5,3099999427795	0,01004118192941	0,089704588055611
5,3150000572205	0,010585142299533	0,089751832187176
5,3200001716614	0,01113033760339	0,089796029031277
5,3249998092651	0,011676765047014	0,089837156236172
5,3299999237061	0,012224409729242	0,08987520635128
5,335000038147	0,01277325488627	0,089910142123699
5,3400001525879	0,013323286548257	0,089941948652267
5,3449997901917	0,013874476775527	0,089970618486404
5,3499999046326	0,014426839537919	0,089996106922626
5,3550000190735	0,014980341307819	0,090018421411514
5,3600001335144	0,015534973703325	0,090037532150745
5,3649997711182	0,016090719029307	0,090053409337997
5,3699998855591	0,016647569835186	0,09006604552269
5,375	0,017205487936735	0,090075418353081
5,3800001144409	0,017764480784535	0,090081505477428
5,3850002288818	0,0183245241642	0,090084291994572
5,3899998664856	0,018885593861341	0,090083755552769
5,3949999809265	0,01944768615067	0,090079881250858
5,4000000953674	0,02001073770225	0,090072654187679
5,4050002098083	0,020574832335114	0,090062029659748
5,4099998474121	0,021139865741134	0,090048015117645
5,414999961853	0,02170586027205	0,090030580759048
5,4200000762939	0,02227270975709	0,090009719133377
5,4250001907349	0,022840524092317	0,089985392987728
5,4299998283386	0,023409197106957	0,089957602322102
5,4349999427795	0,023978708311915	0,089926324784756
5,4400000572205	0,024549124762416	0,089891523122787
5,4450001716614	0,02512033097446	0,089853204786777
5,4499998092651	0,025692360475659	0,089811332523823
5,4549999237061	0,026265140622854	0,089765898883343
5,460000038147	0,02683873847127	0,089716874063015
5,4650001525879	0,027413001284003	0,08966426551342
5,4699997901917	0,027987994253635	0,089608043432236
5,4749999046326	0,028563737869263	0,089548170566559
5,4800000190735	0,029140079393983	0,089484661817551
5,4850001335144	0,029717124998569	0,089417465031147
5,4899997711182	0,030294809490442	0,089346580207348
5,4949998855591	0,030873019248247	0,089272022247314
5,5	0,031451866030693	0,089193724095821
5,5050001144409	0,032031234353781	0,08911170065403
5,5100002288818	0,032611146569252	0,089025922119617
5,5149998664856	0,033191535621881	0,088936388492584
5,5199999809265	0,033772453665733	0,088843047618866
5,5250000953674	0,03435380384326	0,088745921850204
5,5300002098083	0,034935556352139	0,088644988834858
5,5349998474121	0,03551771864295	0,088540218770504
5,539999961853	0,036100275814533	0,088431611657143
5,5450000762939	0,036683157086372	0,088319145143032
5,5500001907349	0,037266377359629	0,088202811777592
5,5549998283386	0,037849873304367	0,08808258920908
5,5599999427795	0,038433693349361	0,087958447635174
5,5650000572205	0,039017688483	0,087830416858196
5,5700001716614	0,03960195928812	0,087698429822922
5,5749998092651	0,040186353027821	0,087562531232834
5,5799999237061	0,040770884603262	0,08742268383503
5,585000038147	0,041355609893799	0,087278850376606
5,5900001525879	0,041940372437239	0,087131053209305
5,5949997901917	0,042525313794613	0,086979225277901
5,5999999046326	0,043110199272633	0,086823433637619
5,6050000190735	0,043695077300072	0,086663648486137
5,6100001335144	0,044280007481575	0,086499787867069
5,6149997711182	0,04486483708024	0,08633191883564
5,6199998855591	0,045449625700712	0,086159989237785
5,625	0,046034287661314	0,085984006524086
5,6300001144409	0,046618800610304	0,085803955793381
5,6350002288818	0,047203175723553	0,085619814693928
5,6399998664856	0,047787319868803	0,085431598126888
5,6449999809265	0,048371244221926	0,08523928374052
5,6500000953674	0,048954892903566	0,085042864084244
5,6550002098083	0,049538258463144	0,084842324256897
5,6599998474121	0,050121292471886	0,084637656807899
5,664999961853	0,050703957676888	0,084428876638412
5,6700000762939	0,051286250352859	0,084215939044952
5,6750001907349	0,051868103444576	0,08399885892868
5,6799998283386	0,052449509501457	0,083777628839016
5,6849999427795	0,053030420094728	0,083552233874798
5,6900000572205	0,053610812872648	0,083322659134865
5,6950001716614	0,054190650582314	0,083088926970959
5,6999998092651	0,054769899696112	0,082851007580757
5,7049999237061	0,05534852668643	0,082608908414841
5,710000038147	0,055926509201527	0,082362607121468
5,7150001525879	0,056503798812628	0,08211212605238
5,7199997901917	0,057080361992121	0,081857435405254
5,7249999046326	0,057656172662973	0,081598535180092
5,7300000190735	0,058231201022863	0,081335432827473
5,7350001335144	0,058805406093597	0,081068113446236
5,7399997711182	0,059378754347563	0,080796584486961
5,7449998855591	0,059951204806566	0,080520831048489
5,75	0,060522735118866	0,080240860581398
5,7550001144409	0,061093304306269	0,079956665635109
5,7600002288818	0,061662871390581	0,079668238759041
5,7649998664856	0,062231421470642	0,079375594854355
5,7699999809265	0,062798902392387	0,07907871901989
5,7750000953674	0,063365280628204	0,078777611255646
5,7800002098083	0,063930533826351	0,078472271561623
5,7849998474121	0,064494617283344	0,078162707388401
5,789999961853	0,065057493746281	0,0778489112854
5,7950000762939	0,065619125962257	0,077530890703201
5,8000001907349	0,066179499030113	0,077208638191223
5,8049998283386	0,066738553345203	0,076882161200047
5,8099999427795	0,067296259105206	0,076551459729671
5,8150000572205	0,067852586507797	0,076216526329517
5,8200001716614	0,068407505750656	0,075877375900745
5,8249998092651	0,068960979580879	0,075534015893936
5,8299999237061	0,069512940943241	0,075186431407928
5,835000038147	0,070063404738903	0,074834629893303
5,8400001525879	0,07061230391264	0,074478633701801
5,8449997901917	0,071159616112709	0,074118420481682
5,8499999046326	0,071705281734467	0,073754012584686
5,8550000190735	0,072249293327332	0,073385417461395
5,8600001335144	0,07279160618782	0,073012620210648
5,8649997711182	0,073332190513611	0,072635643184185
5,8699998855591	0,073870994150639	0,072254486382008
5,875	0,074408002197742	0,071869164705276
5,8800001144409	0,074943155050278	0,071479678153992
5,8850002288818	0,075476430356503	0,071086026728153
5,8899998664856	0,076007798314095	0,070688217878342
5,8949999809265	0,07653721421957	0,070286273956299
5,9000000953674	0,077064648270607	0,069880194962025
5,9050002098083	0,077590048313141	0,0694699883461
5,9099998474121	0,078113406896591	0,069055669009686
5,914999961853	0,078634664416313	0,068637229502201
5,9200000762939	0,079153805971146	0,068214699625969
5,9250001907349	0,079670786857605	0,067788071930408
5,9299998283386	0,080185554921627	0,067357368767262
5,9349999427795	0,080698102712631	0,066922590136528
5,9400000572205	0,081208378076553	0,06648375838995
5,9450001716614	0,081716351211071	0,066040880978107
5,9499998092651	0,082221984863281	0,065593965351582
5,9549999237061	0,082725241780281	0,065143033862114
5,960000038147	0,083226092159748	0,064688079059124
5,9650001525879	0,083724498748779	0,064229130744934
5,9699997901917	0,084220431745052	0,063766196370125
5,9749999046326	0,084713846445084	0,063299290835857
5,9800000190735	0,085204713046551	0,062828429043293
5,9850001335144	0,085693001747131	0,062353618443012
5,9899997711182	0,086178675293922	0,061874870210886
5,9949998855591	0,08666168898344	0,061392221599817
6	0,087142027914524	0,060905661433935
6,0050001144409	0,08761965483427	0,060415219515562
6,0100002288818	0,088094502687454	0,05992091819644
6,0149998664856	0,088566586375237	0,059422750025988
6,0199999809265	0,089035838842392	0,058920744806528
6,0250000953674	0,089502230286598	0,058414932340384
6,0300002098083	0,089965745806694	0,057905305176973
6,0349998474121	0,090426325798035	0,05739189311862
6,039999961853	0,09088396281004	0,056874714791775
6,0450000762939	0,091338604688644	0,05635379254818
6,0500001907349	0,091790236532688	0,055829130113125
6,0549998283386	0,092238806188107	0,055300757288933
6,0599999427795	0,092684283852577	0,054768692702055
6,0650000572205	0,093126647174358	0,054232951253653
6,0700001716614	0,093565858900547	0,053693559020758
6,0749998092651	0,09400188177824	0,053150527179241
6,0799999237061	0,094434700906277	0,052603881806135
6,085000038147	0,094864264130592	0,052053641527891
6,0900001525879	0,095290541648865	0,051499828696251
6,0949997901917	0,095713511109352	0,050942465662956
6,0999999046326	0,096133142709732	0,050381567329168
6,1050000190735	0,096549391746521	0,049817159771919
6,1100001335144	0,096962250769138	0,049249276518822
6,1149997711182	0,097371660172939	0,048677921295166
6,1199998855591	0,097777605056763	0,048103123903275
6,125	0,098180048167706	0,04752491414547
6,1300001144409	0,098578967154026	0,046943303197622
6,1350002288818	0,098974332213402	0,046358324587345
6,1399998664856	0,09936610609293	0,04576999694109
6,1449999809265	0,099754266440868	0,045178350061178
6,1500000953674	0,10013877600431	0,044583398848772
6,1550002098083	0,10051960498095	0,043985173106194
6,1599998474121	0,10089674592018	0,043383698910475
6,164999961853	0,1012701317668	0,042779006063938
6,1700000762939	0,10163976252079	0,042171113193035
6,1750001907349	0,10200560837984	0,041560046374798
6,1799998283386	0,10236763209105	0,040945831686258
6,1849999427795	0,1027257964015	0,040328498929739
6,1900000572205	0,10308009386063	0,039708077907562
6,1950001716614	0,10343048721552	0,039084583520889
6,1999998092651	0,10377694666386	0,038458049297333
6,2049999237061	0,10411945730448	0,037828505039215
6,210000038147	0,10445798188448	0,037195976823568
6,2150001525879	0,10479248315096	0,036560494452715
6,2199997901917	0,10512296110392	0,035922084003687
6,2249999046326	0,10544937103987	0,035280775278807
6,2300000190735	0,10577169060707	0,034636594355106
6,2350001335144	0,10608989745378	0,033989571034908
6,2399997711182	0,10640395432711	0,033339727669954
6,2449998855591	0,10671386122704	0,032687112689018
6,25	0,10701956599951	0,032031740993261
6,2550001144409	0,10732106119394	0,031373638659716
6,2600002288818	0,10761831700802	0,030712846666574
6,2649998664856	0,10791131108999	0,030049392953515
6,2699999809265	0,10820001363754	0,029383303597569
6,2750000953674	0,10848440229893	0,028714613988996
6,2800002098083	0,1087644547224	0,02804334834218
6,2849998474121	0,10904015600681	0,027369547635317
6,289999961853	0,10931147634983	0,026693230494857
6,2950000762939	0,1095784008503	0,026014443486929
6,3000001907349	0,10984088480473	0,025333208963275
6,3049998283386	0,11009892821312	0,024649556726217
6,3099999427795	0,11035250872374	0,023963525891304
6,3150000572205	0,11060158908367	0,023275144398212
6,3200001716614	0,11084616184235	0,0225844476372
6,3249998092651	0,1110862120986	0,02189146541059
6,3299999237061	0,11132169514894	0,02119623310864
6,335000038147	0,11155261099339	0,020498780533671
6,3400001525879	0,11177893728018	0,019799144938588
6,3449997901917	0,11200065165758	0,019097356125712
6,3499999046326	0,11221772432327	0,018393451347947
6,3550000190735	0,11243015527725	0,017687460407615
6,3600001335144	0,11263790726662	0,016979424282908
6,3649997711182	0,11284098029137	0,016269367188215
6,3699998855591	0,1130393370986	0,015557330101728
6,375	0,11323297023773	0,014843345619738
6,3800001144409	0,11342186480761	0,01412744820118
6,3850002288818	0,11360600590706	0,013409674167633
6,3899998664856	0,11378535628319	0,012690055184066
6,3949999809265	0,11395991593599	0,011968629434705
6,4000000953674	0,11412966996431	0,011245430447161
6,4050002098083	0,11429459601641	0,010520493611693
6,4099998474121	0,11445467174053	0,0097938552498817
6,414999961853	0,11460990458727	0,0090655507519841
6,4200000762939	0,11476024985313	0,0083356136456132
6,4250001907349	0,11490570753813	0,007604084443301
6,4299998283386	0,11504627019167	0,0068709943443537
6,4349999427795	0,11518191546202	0,0061363815329969
6,4400000572205	0,11531262099743	0,0054002813994884
6,4450001716614	0,1154383867979	0,0046627321280539
6,4499998092651	0,11555919796228	0,0039237686432898
6,4549999237061	0,11567502468824	0,0031834268011153
6,460000038147	0,11578588932753	0,0024417450185865
6,4650001525879	0,11589173972607	0,0016987590352073
6,4699997901917	0,11599258333445	0,00095450552180409
6,4749999046326	0,1160884052515	0,0002090219350066
6,4800000190735	0,11617919802666	-0,00053765496704727
6,4850001335144	0,11626495420933	-0,0012854881351814
6,4899997711182	0,11634563654661	-0,0020344401709735
6,4949998855591	0,11642125993967	-0,0027844738215208
6,5	0,11649180948734	-0,0035355517175049
6,5050001144409	0,11655727773905	-0,0042876368388534
6,5100002288818	0,11661764979362	-0,0050406907685101
6,5149998664856	0,11667291074991	-0,0057946764864028
6,5199999809265	0,11672306060791	-0,0065495567396283
6,5250000953674	0,11676809191704	-0,0073052928783
6,5300002098083	0,11680798977613	-0,0080618476495147
6,5349998474121	0,1168427541852	-0,0088191833347082
6,539999961853	0,11687236279249	-0,0095772622153163
6,5450000762939	0,11689681559801	-0,010336045175791
6,5500001907349	0,11691611260176	-0,011095494963229
6,5549998283386	0,11693023890257	-0,011855573393404
6,5599999427795	0,11693919450045	-0,012616243213415
6,5650000572205	0,11694295704365	-0,013377465307713
6,5700001716614	0,11694154143333	-0,014139200560749
6,5749998092651	0,11693493276834	-0,014901412650943
6,5799999237061	0,1169231235981	-0,015664065256715
6,585000038147	0,11690610647202	-0,016427114605904
6,5900001525879	0,11688389629126	-0,017190525308251
6,5949997901917	0,11685645580292	-0,017954260110855
6,5999999046326	0,11682380735874	-0,018718276172876
6,6050000190735	0,11678593605757	-0,019482541829348
6,6100001335144	0,11674284934998	-0,02024701423943
6,6149997711182	0,1166945323348	-0,021011656150222
6,6199998855591	0,11664099246264	-0,021776428446174
6,625	0,11658221483231	-0,022541295737028
6,6300001144409	0,11651819944382	-0,023306213319302
6,6350002288818	0,11644895374775	-0,024071149528027
6,6399998664856	0,11637447029352	-0,02483606338501
6,6449999809265	0,11629474908113	-0,025600913912058
6,6500000953674	0,11620978266001	-0,026365661993623
6,6550002098083	0,1161195859313	-0,027130277827382
6,6599998474121	0,11602414399385	-0,027894712984562
6,664999961853	0,11592346429825	-0,02865893766284
6,6700000762939	0,11581754684448	-0,029422907158732
6,6750001907349	0,11570639163256	-0,030186584219337
6,6799998283386	0,11558999121189	-0,030949931591749
6,6849999427795	0,11546836048365	-0,031712912023067
6,6900000572205	0,11534149944782	-0,032475490123034
6,6950001716614	0,11520939320326	-0,033237613737583
6,6999998092651	0,11507205665112	-0,033999260514975
6,7049999237061	0,11492949724197	-0,034760385751724
6,710000038147	0,11478170752525	-0,035520955920219
6,7150001525879	0,11462870240211	-0,036280918866396
6,7199997901917	0,1144704669714	-0,037040255963802
6,7249999046326	0,11430702358484	-0,037798915058374
6,7300000190735	0,11413837224245	-0,038556825369596
6,7350001335144	0,11396449804306	-0,039314061403275
6,7399997711182	0,11378540843725	-0,040070522576571
6,7449998855591	0,11360116302967	-0,040826067328453
6,75	0,11341171711683	-0,041580766439438
6,7550001144409	0,11321707069874	-0,042334582656622
6,7600002288818	0,11301723867655	-0,043087478727102
6,7649998664856	0,11281222850084	-0,043839421123266
6,7699999809265	0,1126020476222	-0,044590316712856
6,7750000953674	0,11238672584295	-0,04534012824297
6,7800002098083	0,11216621845961	-0,046088930219412
6,7849998474121	0,11194057762623	-0,046836577355862
6,789999961853	0,11170980334282	-0,047583032399416
6,7950000762939	0,1114738881588	-0,048328317701817
6,8000001907349	0,11123283952475	-0,049072355031967
6,8049998283386	0,11098668724298	-0,049815129488707
6,8099999427795	0,11073542386293	-0,050556588917971
6,8150000572205	0,11047904193401	-0,051296696066856
6,8200001716614	0,11021759361029	-0,052035424858332
6,8249998092651	0,10995104908943	-0,052772734314203
6,8299999237061	0,10967944562435	-0,053508587181568
6,835000038147	0,10940277576447	-0,054242949932814
6,8400001525879	0,10912106186152	-0,054975781589746
6,8449997901917	0,10883429646492	-0,055707041174173
6,8499999046326	0,108542509377	-0,056436710059643
6,8550000190735	0,10824569314718	-0,057164736092091
6,8600001335144	0,10794388502836	-0,057891089469194
6,8649997711182	0,10763707756996	-0,058615732938051
6,8699998855591	0,10732527822256	-0,059338636696339
6,875	0,1070085093379	-0,060059756040573
6,8800001144409	0,10668678581715	-0,060779068619013
6,8850002288818	0,10636010766029	-0,061496522277594
6,8899998664856	0,10602851212025	-0,062212087213993
6,8949999809265	0,10569198429585	-0,062925741076469
6,9000000953674	0,10535055398941	-0,063637435436249
6,9050002098083	0,10500422865152	-0,064347140491009
6,9099998474121	0,10465303063393	-0,065054826438427
6,914999961853	0,1042969673872	-0,065760433673859
6,9200000762939	0,10393604636192	-0,066463962197304
6,9250001907349	0,10357028990984	-0,067165367305279
6,9299998283386	0,10319972038269	-0,067864589393139
6,9349999427795	0,10282434523106	-0,068561628460884
6,9400000572205	0,10244417190552	-0,069256447255611
6,9450001716614	0,10205923765898	-0,069948993623257
6,9499998092651	0,10166953504086	-0,070639237761497
6,9549999237061	0,10127508640289	-0,071327157318592
6,960000038147	0,10087592899799	-0,072012700140476
6,9650001525879	0,10047204047441	-0,07269586622715
6,9699997901917	0,1000634804368	-0,073376588523388
6,9749999046326	0,099650233983994	-0,074054852128029
6,9800000190735	0,099232330918312	-0,074730612337589
6,9850001335144	0,09880980104208	-0,075403846800327
6,9899997711182	0,098382636904716	-0,076074533164501
6,9949998855591	0,097950860857964	-0,076742611825466
7	0,097514517605305	-0,077408075332642
7,0050001144409	0,09707360714674	-0,078070871531963
7,0100002288818	0,09662813693285	-0,07873098552227
7,0149998664856	0,096178136765957	-0,07938838750124
7,0199999809265	0,095723628997803	-0,080043040215969
7,0250000953674	0,095264635980129	-0,080694891512394
7,0300002098083	0,094801172614098	-0,081343941390514
7,0349998474121	0,094333253800869	-0,081990145146847
7,039999961853	0,093860909342766	-0,082633472979069
7,0450000762939	0,093384139239788	-0,083273880183697
7,0500001907349	0,092902995646	-0,083911374211311
7,0549998283386	0,092417478561401	-0,084545895457268
7,0599999427795	0,091927602887154	-0,085177421569824
7,0650000572205	0,091433398425579	-0,085805915296078
7,0700001716614	0,090934894979	-0,086431354284286
7,0749998092651	0,090432114899158	-0,087053708732128
7,0799999237061	0,089925065636635	-0,087672956287861
7,085000038147	0,089413769543171	-0,088289044797421
7,0900001525879	0,088898256421089	-0,088901974260807
7,0949997901917	0,088378541171551	-0,089511685073376
7,0999999046326	0,087854653596878	-0,090118192136288
7,1050000190735	0,087326623499393	-0,090721420943737
7,1100001335144	0,086794450879097	-0,091321364045143
7,1149997711182	0,086258187890053	-0,091917999088764
7,1199998855591	0,08571782708168	-0,092511281371117
7,125	0,085173413157463	-0,0931012108922
7,1300001144409	0,084624961018562	-0,093687742948532
7,1350002288818	0,0840725004673	-0,094270825386047
7,1399998664856	0,083516046404839	-0,094850465655327
7,1449999809265	0,082955628633499	-0,095426648855209
7,1500000953674	0,082391269505024	-0,095999300479889
7,1550002098083	0,081822991371155	-0,096568427979946
7,1599998474121	0,081250831484795	-0,097134009003639
7,164999961853	0,080674812197685	-0,097695983946323
7,1700000762939	0,080094933509827	-0,09825436770916
7,1750001907349	0,079511240124702	-0,098809108138084
7,1799998283386	0,078923769295216	-0,099360190331936
7,1849999427795	0,078332506120205	-0,099907584488392
7,1900000572205	0,077737532556057	-0,10045126825571
7,1950001716614	0,077138833701611	-0,10099121183157
7,1999998092651	0,076536439359188	-0,10152740031481
7,2049999237061	0,075930386781693	-0,1020598039031
7,210000038147	0,075320713222027	-0,10258839279413
7,2150001525879	0,07470740377903	-0,10311315208673
7,2199997901917	0,074090540409088	-0,10363405942917
7,2249999046326	0,073470093309879	-0,10415107011795
7,2300000190735	0,072846122086048	-0,10466419905424
7,2350001335144	0,072218663990498	-0,1051733866334
7,2399997711182	0,071587711572647	-0,10567861050367
7,2449998855591	0,070953324437141	-0,10617989301682
7,25	0,0703154951334	-0,10667715221643
7,2550001144409	0,069674283266068	-0,10717040300369
7,2600002288818	0,069029718637466	-0,10765960812569
7,2649998664856	0,068381801247597	-0,10814475268126
7,2699999809265	0,067730568349361	-0,10862582921982
7,2750000953674	0,067076057195663	-0,10910278558731
7,2800002098083	0,066418305039406	-0,10957562178373
7,2849998474121	0,065757296979427	-0,11004430055618
7,289999961853	0,065093100070953	-0,11050882935524
7,2950000762939	0,064425751566887	-0,11096914112568
7,3000001907349	0,063755236566067	-0,11142526566982
7,3049998283386	0,063081629574299	-0,11187715828419
7,3099999427795	0,062404938042164	-0,11232478916645
7,3150000572205	0,061725176870823	-0,11276816576719
7,3200001716614	0,06104239448905	-0,11320724338293
7,3249998092651	0,060356624424458	-0,1136420071125
7,3299999237061	0,059667866677046	-0,11407244950533
7,335000038147	0,05897618830204	-0,11449855566025
7,3400001525879	0,058281596750021	-0,11492028832436
7,3449997901917	0,057584129273891	-0,11533764749765
7,3499999046326	0,056883804500103	-0,11575059592724
7,3550000190735	0,056180655956268	-0,11615911871195
7,3600001335144	0,055474728345871	-0,1165632084012
7,3649997711182	0,054766044020653	-0,11696285009384
7,3699998855591	0,054054606705904	-0,1173580288887
7,375	0,05334048718214	-0,1177487000823
7,3800001144409	0,052623704075813	-0,11813485622406
7,3850002288818	0,051904272288084	-0,11851649731398
7,3899998664856	0,051182229071856	-0,11889362335205
7,3949999809265	0,05045760050416	-0,11926617473364
7,4000000953674	0,049730438739061	-0,11963415145874
7,4050002098083	0,04900074750185	-0,11999756097794
7,4099998474121	0,04826857149601	-0,12035635113716
7,414999961853	0,047533955425024	-0,12071050703526
7,4200000762939	0,046796876937151	-0,12106005847454
7,4250001907349	0,046057444065809	-0,12140494585037
7,4299998283386	0,045315623283386	-0,12174517661333
7,4349999427795	0,044571470469236	-0,12208073586226
7,4400000572205	0,043825019150972	-0,1224116012454
7,4450001716614	0,043076314032078	-0,12273775041103
7,4499998092651	0,042325358837843	-0,12305919080973
7,4549999237061	0,04157218337059	-0,12337590008974
7,460000038147	0,040816836059093	-0,12368785589933
7,4650001525879	0,040059346705675	-0,12399506568909
7,4699997901917	0,039299741387367	-0,12429748475552
7,4749999046326	0,038538064807653	-0,12459512799978
7,4800000190735	0,037774328142405	-0,12488798797131
7,4850001335144	0,037008583545685	-0,12517601251602
7,4899997711182	0,036240831017494	-0,12545923888683
7,4949998855591	0,035471148788929	-0,1257376074791
7,5	0,034699507057667	-0,12601116299629
7,5050001144409	0,033926006406546	-0,12627984583378
7,5100002288818	0,033150624483824	-0,12654365599155
7,5149998664856	0,032373424619436	-0,12680259346962
7,5199999809265	0,031594447791576	-0,12705665826797
7,5250000953674	0,030813671648502	-0,12730580568314
7,5300002098083	0,030031185597181	-0,12755005061626
7,5349998474121	0,029246969148517	-0,12778936326504
7,539999961853	0,028461121022701	-0,12802375853062
7,5450000762939	0,027673622593284	-0,12825322151184
7,5500001907349	0,026884505525231	-0,12847772240639
7,5549998283386	0,02609383687377	-0,12869727611542
7,5599999427795	0,02530163154006	-0,12891186773777
7,5650000572205	0,024507889524102	-0,12912148237228
7,5700001716614	0,023712702095509	-0,1293261051178
7,5749998092651	0,022916050627828	-0,12952575087547
7,5799999237061	0,022118002176285	-0,12972038984299
7,585000038147	0,021318562328815	-0,12991002202034
7,5900001525879	0,020517781376839	-0,13009464740753
7,5949997901917	0,019715704023838	-0,13027423620224
7,5999999046326	0,018912332132459	-0,13044880330563
7,6050000190735	0,018107712268829	-0,13061833381653
7,6100001335144	0,017301866784692	-0,13078282773495
7,6149997711182	0,016494836658239	-0,13094225525856
7,6199998855591	0,015686674043536	-0,13109664618969
7,625	0,014877380803227	-0,13124597072601
7,6300001144409	0,014066986739635	-0,13139021396637
7,6350002288818	0,013255557976663	-0,13152940571308
7,6399998664856	0,012443093582988	-0,13166350126266
7,6449999809265	0,011629642918706	-0,13179253041744
7,6500000953674	0,010815238580108	-0,13191646337509
7,6550002098083	0,0099998973309994	-0,13203530013561
7,6599998474121	0,0091836825013161	-0,13214904069901
7,664999961853	0,0083665959537029	-0,13225765526295
7,6700000762939	0,0075486693531275	-0,13236118853092
7,6750001907349	0,0067299669608474	-0,13245961070061
7,6799998283386	0,0059104906395078	-0,132552921772
7,6849999427795	0,0050902874208987	-0,13264109194279
7,6900000572205	0,0042693745344877	-0,13272416591644
7,6950001716614	0,0034478164743632	-0,13280211389065
7,6999998092651	0,0026256132405251	-0,1328749358654
7,7049999237061	0,0018027982441708	-0,13294261693954
7,710000038147	0,00097943469882011	-0,13300515711308
7,7150001525879	0,00015550819807686	-0,13306258618832
7,7199997901917	-0,00066890160087496	-0,13311485946178
7,7249999046326	-0,0014937940286472	-0,13316199183464
7,7300000190735	-0,002319120336324	-0,13320398330688
7,7350001335144	-0,0031448488589376	-0,13324084877968
7,7399997711182	-0,0039709629490972	-0,13327257335186
7,7449998855591	-0,0047974139451981	-0,13329912722111
7,75	-0,0056241857819259	-0,1333205550909
7,7550001144409	-0,0064512300305068	-0,13333684206009
7,7600002288818	-0,0072785299271345	-0,1333479732275
7,7649998664856	-0,0081060538068414	-0,13335394859314
7,7699999809265	-0,0089337388053536	-0,13335478305817
7,7750000953674	-0,0097615979611874	-0,13335047662258
7,7800002098083	-0,010589553043246	-0,13334101438522
7,7849998474121	-0,01141760405153	-0,13332642614841
7,789999961853	-0,012245716527104	-0,13330666720867
7,7950000762939	-0,013073877431452	-0,13328176736832
7,8000001907349	-0,013902003876865	-0,13325172662735
7,8049998283386	-0,01473006606102	-0,13321655988693
7,8099999427795	-0,015558095648885	-0,13317623734474
7,8150000572205	-0,016386011615396	-0,13313077390194
7,8200001716614	-0,017213800922036	-0,13308018445969
7,8249998092651	-0,018041417002678	-0,13302443921566
7,8299999237061	-0,018868869170547	-0,13296358287334
7,835000038147	-0,019695997238159	-0,13289758563042
7,8400001525879	-0,020522905513644	-0,13282646238804
7,8449997901917	-0,021349553018808	-0,13275021314621
7,8499999046326	-0,022175854071975	-0,13266883790493
7,8550000190735	-0,023001834750175	-0,13258235156536
7,8600001335144	-0,023827461525798	-0,13249072432518
7,8649997711182	-0,024652518332005	-0,13239403069019
7,8699998855591	-0,025477286428213	-0,13229218125343
7,875	-0,026301480829716	-0,13218525052071
7,8800001144409	-0,02712520211935	-0,13207322359085
7,8850002288818	-0,027948413044214	-0,13195608556271
7,8899998664856	-0,02877102419734	-0,13183386623859
7,8949999809265	-0,02959300018847	-0,13170656561852
7,9000000953674	-0,030414370819926	-0,13157415390015
7,9050002098083	-0,031235113739967	-0,13143667578697
7,9099998474121	-0,03205506503582	-0,13129414618015
7,914999961853	-0,032874386757612	-0,13114653527737
7,9200000762939	-0,033692914992571	-0,13099385797977
7,9250001907349	-0,034510623663664	-0,13083612918854
7,9299998283386	-0,035327546298504	-0,13067334890366
7,9349999427795	-0,036143653094769	-0,13050551712513
7,9400000572205	-0,03695884346962	-0,13033264875412
7,9450001716614	-0,037773091346025	-0,13015477359295
7,9499998092651	-0,038586493581533	-0,12997183203697
7,9549999237061	-0,039398830384016	-0,12978391349316
7,960000038147	-0,040210258215666	-0,1295909434557
7,9650001525879	-0,041020616889	-0,12939298152924
7,9699997901917	-0,041829887777567	-0,12919002771378
7,9749999046326	-0,042638093233109	-0,12898209691048
7,9800000190735	-0,043445203453302	-0,12876915931702
7,9850001335144	-0,044251132756472	-0,12855125963688
7,9899997711182	-0,045055910944939	-0,12832839787006
7,9949998855591	-0,0458595007658	-0,12810054421425
8	-0,046661820262671	-0,12786777317524
8,0050001144409	-0,047462832182646	-0,12763005495071
8,0100002288818	-0,048262637108564	-0,12738738954067
8,0150003433228	-0,049061074852943	-0,12713980674744
8,0200004577637	-0,049858182668686	-0,12688730657101
8,0249996185303	-0,050653867423534	-0,12662988901138
8,0299997329712	-0,051448162645102	-0,12636758387089
8,0349998474121	-0,052241031080484	-0,12610037624836
8,039999961853	-0,053032394498587	-0,12582829594612
8,0450000762939	-0,053822282701731	-0,12555135786533
8,0500001907349	-0,054610654711723	-0,12526953220367
8,0550003051758	-0,055397491902113	-0,12498287111521
8,0600004196167	-0,056182704865932	-0,12469136714935
8,0649995803833	-0,056966315954924	-0,12439503520727
8,0699996948242	-0,057748313993216	-0,12409388273954
8,0749998092651	-0,05852859094739	-0,12378792464733
8,0799999237061	-0,059307251125574	-0,12347713112831
8,085000038147	-0,060084130614996	-0,12316157668829
8,0900001525879	-0,060859225690365	-0,12284126877785
8,0950002670288	-0,061632607132196	-0,1225161626935
8,1000003814697	-0,062404189258814	-0,12218627333641
8,1049995422363	-0,063173837959766	-0,12185171991587
8,1099996566772	-0,063941687345505	-0,121512375772
8,1149997711182	-0,064707651734352	-0,12116831541061
8,1199998855591	-0,065471716225147	-0,12081954628229
8,125	-0,066233843564987	-0,12046606838703
8,1300001144409	-0,066993944346905	-0,12010792642832
8,1350002288818	-0,067752048373222	-0,11974510550499
8,1400003433228	-0,068508148193359	-0,11937762796879
8,1450004577637	-0,069262184202671	-0,11900548636913
8,1499996185303	-0,070014104247093	-0,11862874776125
8,1549997329712	-0,070763975381851	-0,11824735254049
8,1599998474121	-0,071511708199978	-0,11786133050919
8,164999961853	-0,072257228195667	-0,11747075617313
8,1700000762939	-0,073000632226467	-0,11707554012537
8,1750001907349	-0,073741756379604	-0,11667580902576
8,1800003051758	-0,074480712413788	-0,11627148091793
8,1850004196167	-0,075217336416245	-0,11586261540651
8,1899995803833	-0,075951673090458	-0,11544924229383
8,1949996948242	-0,076683692634106	-0,11503133922815
8,1999998092651	-0,07741342484951	-0,11460890620947
8,2049999237061	-0,078140713274479	-0,11418201774359
8,210000038147	-0,078865624964237	-0,11375065892935
8,2150001525879	-0,079588130116463	-0,11331481486559
8,2200002670288	-0,08030816167593	-0,11287455260754
8,2250003814697	-0,081025749444962	-0,11242982745171
8,2299995422363	-0,081740833818913	-0,11198069900274
8,2349996566772	-0,082453384995461	-0,11152716726065
8,2399997711182	-0,083163388073444	-0,11106924712658
8,2449998855591	-0,08387079834938	-0,1106069535017
8,25	-0,084575615823269	-0,11014031618834
8,2550001144409	-0,085277825593948	-0,10966932028532
8,2600002288818	-0,085977390408516	-0,10919400304556
8,2650003433228	-0,086674258112907	-0,10871437191963
8,2700004577637	-0,087368451058865	-0,10823043435812
8,2749996185303	-0,088059909641743	-0,10774222761393
8,2799997329712	-0,088748626410961	-0,10724976658821
8,2849998474121	-0,089434541761875	-0,10675305873156
8,289999961853	-0,090117685496807	-0,10625210404396
8,2950000762939	-0,090798005461693	-0,10574694722891
8,3000001907349	-0,091475486755371	-0,10523757338524
8,3050003051758	-0,092150114476681	-0,10472400486469
8,3100004196167	-0,092821821570396	-0,10420630127192
8,3149995803833	-0,093490608036518	-0,10368444025517
8,3199996948242	-0,094156481325626	-0,1031584367156
8,3249998092651	-0,094819366931915	-0,10262831300497
8,3299999237061	-0,095479279756546	-0,10209409147501
8,335000038147	-0,096136212348938	-0,10155578702688
8,3400001525879	-0,096790052950382	-0,10101345181465
8,3450002670288	-0,097440868616104	-0,10046702623367
8,3500003814697	-0,09808861464262	-0,099916562438011
8,3549995422363	-0,098733238875866	-0,099362105131149
8,3599996566772	-0,099374748766422	-0,098803646862507
8,3649997711182	-0,10001311451197	-0,098241195082664
8,3699998855591	-0,10064832866192	-0,097674787044525
8,375	-0,10128030925989	-0,097104460000992
8,3800001144409	-0,10190911591053	-0,096530169248581
8,3850002288818	-0,10253465920687	-0,095951996743679
8,3900003433228	-0,10315694659948	-0,095369935035706
8,3950004577637	-0,10377594083548	-0,094784021377563
8,3999996185303	-0,10439166426659	-0,094194211065769
8,4049997329712	-0,10500402748585	-0,093600615859032
8,4099998474121	-0,10561306774616	-0,093003176152706
8,414999961853	-0,10621872544289	-0,092401944100857
8,4200000762939	-0,10682100057602	-0,091796927154064
8,4250001907349	-0,1074198782444	-0,091188132762909
8,4300003051758	-0,10801529884338	-0,090575620532036
8,4350004196167	-0,10860726982355	-0,089959405362606
8,4399995803833	-0,10919576883316	-0,089339450001717
8,4449996948242	-0,10978078842163	-0,088715843856335
8,4499998092651	-0,11036226898432	-0,088088557124138
8,4549999237061	-0,11094021052122	-0,08745763450861
8,460000038147	-0,1115145906806	-0,08682306855917
8,4650001525879	-0,11208539456129	-0,086184911429882
8,4700002670288	-0,11265259981155	-0,085543178021908
8,4750003814697	-0,11321619153023	-0,084897868335247
8,4799995422363	-0,11377613991499	-0,084249019622803
8,4849996566772	-0,1143324226141	-0,083596609532833
8,4899997711182	-0,11488503962755	-0,082940705120564
8,4949998855591	-0,11543393135071	-0,082281343638897
8,5	-0,11597911268473	-0,081618502736092
8,5050001144409	-0,11652055382729	-0,08095221221447
8,5100002288818	-0,1170582100749	-0,080282501876354
8,5150003433228	-0,11759212613106	-0,079609356820583
8,5200004577637	-0,11812223494053	-0,078932844102383
8,5249996185303	-0,11864849925041	-0,078252986073494
8,5299997329712	-0,11917093396187	-0,077569775283337
8,5349998474121	-0,11968952417374	-0,076883248984814
8,539999961853	-0,12020422518253	-0,076193399727345
8,5450000762939	-0,1207150220871	-0,075500302016735
8,5500001907349	-0,12122192978859	-0,074803873896599
8,5550003051758	-0,12172486633062	-0,07410429418087
8,5600004196167	-0,12222389876842	-0,07340145111084
8,5649995803833	-0,12271892279387	-0,072695419192314
8,5699996948242	-0,12320995330811	-0,071986220777035
8,5749998092651	-0,12369700521231	-0,07127384096384
8,5799999237061	-0,12417999655008	-0,070558346807957
8,585000038147	-0,12465897202492	-0,069839730858803
8,5900001525879	-0,12513387203217	-0,069118022918701
8,5950002670288	-0,12560468912125	-0,068393290042877
8,6000003814697	-0,126071408391	-0,067665480077267
8,6049995422363	-0,12653401494026	-0,066934652626514
8,6099996566772	-0,12699249386787	-0,06620080769062
8,6149997711182	-0,12744680047035	-0,065464019775391
8,6199998855591	-0,12789696455002	-0,0647242218256
8,625	-0,12834291160107	-0,063981540501118
8,6300001144409	-0,12878468632698	-0,0632359161973
8,6350002288818	-0,12922219932079	-0,062487408518791
8,6400003433228	-0,12965551018715	-0,061736032366753
8,6450004577637	-0,1300845593214	-0,060981784015894
8,6499996185303	-0,13050931692123	-0,060224767774343
8,6549997329712	-0,1309297978878	-0,059464935213327
8,6599998474121	-0,13134598731995	-0,058702282607555
8,664999961853	-0,13175784051418	-0,057936888188124
8,6700000762939	-0,13216535747051	-0,057168789207935
8,6750001907349	-0,13256850838661	-0,056398004293442
8,6800003051758	-0,13296729326248	-0,055624488741159
8,6850004196167	-0,13336169719696	-0,054848276078701
8,6899995803833	-0,13375169038773	-0,054069485515356
8,6949996948242	-0,13413725793362	-0,053288068622351
8,6999998092651	-0,13451839983463	-0,052504055202007
8,7049999237061	-0,13489508628845	-0,051717467606068
8,710000038147	-0,13526731729507	-0,050928339362144
8,7150001525879	-0,13563504815102	-0,050136681646109
8,7200002670288	-0,13599827885628	-0,049342527985573
8,7250003814697	-0,13635700941086	-0,048545904457569
8,7299995422363	-0,13671121001244	-0,047746799886227
8,7349996566772	-0,13706085085869	-0,046945299953222
8,7399997711182	-0,13740594685078	-0,046141378581524
8,7449998855591	-0,13774646818638	-0,045335076749325
8,75	-0,13808238506317	-0,04452646151185
8,7550001144409	-0,13841372728348	-0,043715465813875
8,7600002288818	-0,13874043524265	-0,042902201414108
8,7650003433228	-0,1390625089407	-0,042086597532034
8,7700004577637	-0,13937991857529	-0,041268784552813
8,7749996185303	-0,13969267904758	-0,040448717772961
8,7799997329712	-0,14000077545643	-0,039626426994801
8,7849998474121	-0,14030416309834	-0,038801964372396
8,789999961853	-0,14060285687447	-0,037975359708071
8,7950000762939	-0,14089684188366	-0,037146609276533
8,8000001907349	-0,14118607342243	-0,036315731704235
8,8050003051758	-0,14147056639194	-0,035482794046402
8,8100004196167	-0,14175030589104	-0,03464775159955
8,8149995803833	-0,14202524721622	-0,03381073102355
8,8199996948242	-0,14229542016983	-0,032971657812595
8,8249998092651	-0,14256079494953	-0,032130625098944
8,8299999237061	-0,14282134175301	-0,031287591904402
8,835000038147	-0,14307707548141	-0,030442658811808
8,8400001525879	-0,1433279812336	-0,029595777392387
8,8450002670288	-0,14357399940491	-0,028747076168656
8,8500003814697	-0,14381517469883	-0,027896450832486
8,8549995422363	-0,14405146241188	-0,027044028043747
8,8599996566772	-0,14428286254406	-0,026189766824245
8,8649997711182	-0,14450936019421	-0,025333762168884
8,8699998855591	-0,14473092556	-0,02447596937418
8,875	-0,14494757354259	-0,023616490885615
8,8800001144409	-0,14515928924084	-0,022755248472095
8,8850002288818	-0,1453660428524	-0,02189233712852
8,8900003433228	-0,14556781947613	-0,021027818322182
8,8950004577637	-0,14576461911201	-0,020161651074886
8,8999996185303	-0,14595644176006	-0,019293863326311
8,9049997329712	-0,14614325761795	-0,018424553796649
8,9099998474121	-0,14632506668568	-0,017553646117449
8,914999961853	-0,14650185406208	-0,016681229695678
8,9200000762939	-0,14667358994484	-0,015807310119271
8,9250001907349	-0,14684028923512	-0,014931940473616
8,9300003051758	-0,14700193703175	-0,014055111445487
8,9350004196167	-0,14715850353241	-0,013176899403334
8,9399995803833	-0,14730998873711	-0,012297291308641
8,9449996948242	-0,14745639264584	-0,011416279710829
8,9499998092651	-0,14759768545628	-0,010533996857703
8,9549999237061	-0,14773385226727	-0,0096504027023911
8,960000038147	-0,14786492288113	-0,0087654916569591
8,9650001525879	-0,14799082279205	-0,0078793233260512
8,9700002670288	-0,14811161160469	-0,0069919666275382
8,9750003814697	-0,14822722971439	-0,0061034117825329
8,9799995422363	-0,14833767712116	-0,0052136885933578
8,9849996566772	-0,14844296872616	-0,0043227914720774
8,9899997711182	-0,14854307472706	-0,0034308193717152
8,9949998855591	-0,14863796532154	-0,0025376949924976
9	-0,14872767031193	-0,0016435893485323
9,0050001144409	-0,14881214499474	-0,00074839004082605
9,0100002288818	-0,14889138936996	0,00014773168368265
9,0150003433228	-0,14896541833878	0,0010448885150254
9,0200004577637	-0,14903418719769	0,0019430152606219
9,0249996185303	-0,14909771084785	0,0028420116286725
9,0299997329712	-0,14915598928928	0,0037419542204589
9,0349998474121	-0,14920897781849	0,0046426714397967
9,039999961853	-0,14925670623779	0,0055443118326366
9,0450000762939	-0,14929912984371	0,0064466660842299
9,0500001907349	-0,14933624863625	0,0073498827405274
9,0550003051758	-0,14936809241772	0,0082537913694978
9,0600004196167	-0,14939461648464	0,0091584660112858
9,0649995803833	-0,1494157910347	0,010063805617392
9,0699996948242	-0,14943166077137	0,010969816707075
9,0749998092651	-0,14944218099117	0,011876468546689
9,0799999237061	-0,14944736659527	0,012783695943654
9,085000038147	-0,14944717288017	0,013691501691937
9,0900001525879	-0,14944164454937	0,014599857851863
9,0950002670288	-0,14943073689938	0,015508730895817
9,1000003814697	-0,14941446483135	0,016418056562543
9,1049995422363	-0,14939279854298	0,017327876761556
9,1099996566772	-0,14936573803425	0,01823815703392
9,1149997711182	-0,14933329820633	0,019148796796799
9,1199998855591	-0,14929541945457	0,020059797912836
9,125	-0,14925216138363	0,020971173420548
9,1300001144409	-0,14920347929001	0,021882809698582
9,1350002288818	-0,14914935827255	0,022794753313065
9,1400003433228	-0,14908979833126	0,023706970736384
9,1450004577637	-0,14902481436729	0,024619363248348
9,1499996185303	-0,14895439147949	0,025531966239214
9,1549997329712	-0,14887849986553	0,026444710791111
9,1599998474121	-0,1487971842289	0,027357606217265
9,164999961853	-0,14871038496494	0,028270546346903
9,1700000762939	-0,14861810207367	0,029183642938733
9,1750001907349	-0,14852038025856	0,030096685513854
9,1800003051758	-0,14841715991497	0,031009783968329
9,1850004196167	-0,14830845594406	0,031922873109579
9,1899995803833	-0,14819426834583	0,032835844904184
9,1949996948242	-0,14807459712029	0,033748779445887
9,1999998092651	-0,1479494124651	0,034661568701267
9,2049999237061	-0,14781872928143	0,035574216395617
9,210000038147	-0,14768253266811	0,036486692726612
9,2150001525879	-0,14754083752632	0,037398964166641
9,2200002670288	-0,14739361405373	0,038310993462801
9,2250003814697	-0,14724086225033	0,039222721010447
9,2299995422363	-0,14708258211613	0,040134180337191
9,2349996566772	-0,14691880345345	0,041045233607292
9,2399997711182	-0,14674946665764	0,041956018656492
9,2449998855591	-0,14657460153103	0,042866293340921
9,25	-0,14639419317245	0,043776206672192
9,2550001144409	-0,14620824158192	0,044685654342175
9,2600002288818	-0,14601674675941	0,045594599097967
9,2650003433228	-0,14581970870495	0,046502973884344
9,2700004577637	-0,14561711251736	0,047410812228918
9,2749996185303	-0,14540895819664	0,048318084329367
9,2799997329712	-0,1451952457428	0,049224719405174
9,2849998474121	-0,14497599005699	0,050130657851696
9,289999961853	-0,14475117623806	0,051035922020674
9,2950000762939	-0,14452077448368	0,051940485835075
9,3000001907349	-0,14428479969501	0,052844308316708
9,3050003051758	-0,14404328167439	0,053747300058603
9,3100004196167	-0,14379619061947	0,054649479687214
9,3149995803833	-0,14354354143143	0,055550802499056
9,3199996948242	-0,14328530430794	0,056451242417097
9,3249998092651	-0,14302150905132	0,057350739836693
9,3299999237061	-0,14275212585926	0,058249302208424
9,335000038147	-0,14247716963291	0,059146884828806
9,3400001525879	-0,14219664037228	0,060043424367905
9,3450002670288	-0,14191055297852	0,060938965529203
9,3500003814697	-0,14161887764931	0,061833348125219
9,3549995422363	-0,14132162928581	0,062726654112339
9,3599996566772	-0,14101880788803	0,063618779182434
9,3649997711182	-0,1407103985548	0,064509719610214
9,3699998855591	-0,14039643108845	0,065399453043938
9,375	-0,14007689058781	0,06628792732954
9,3800001144409	-0,13975177705288	0,067175082862377
9,3850002288818	-0,13942109048367	0,068060949444771
9,3900003433228	-0,13908483088017	0,068945415318012
9,3950004577637	-0,13874301314354	0,069828540086746
9,3999996185303	-0,13839562237263	0,070710197091103
9,4049997329712	-0,13804267346859	0,071590386331081
9,4099998474121	-0,13768415153027	0,072469115257263
9,414999961853	-0,13732008635998	0,073346272110939
9,4200000762939	-0,13695043325424	0,074221894145012
9,4250001907349	-0,13657526671886	0,075095884501934
9,4300003051758	-0,13619449734688	0,07596829533577
9,4350004196167	-0,13580821454525	0,076839007437229
9,4399995803833	-0,13541640341282	0,077707961201668
9,4449996948242	-0,1350190192461	0,078575246036053
9,4499998092651	-0,13461610674858	0,079440712928772
9,4549999237061	-0,1342076510191	0,080304384231567
9,460000038147	-0,13379368185997	0,081166207790375
9,4650001525879	-0,13337416946888	0,082026168704033
9,4700002670288	-0,13294915854931	0,082884185016155
9,4750003814697	-0,13251861929893	0,083740256726742
9,4799995422363	-0,13208256661892	0,084594331681728
9,4849996566772	-0,13164100050926	0,085446409881115
9,4899997711182	-0,13119395077229	0,086296416819096
9,4949998855591	-0,13074138760567	0,087144322693348
9,5	-0,13028335571289	0,08799010515213
9,5050001144409	-0,12981984019279	0,088833719491959
9,5100002288818	-0,12935082614422	0,089675143361092
9,5150003433228	-0,12887635827065	0,090514302253723
9,5200004577637	-0,12839642167091	0,091351225972176
9,5249996185303	-0,12791103124619	0,092185817658901
9,5299997329712	-0,12742015719414	0,093018099665642
9,5349998474121	-0,12692387402058	0,093847967684269
9,539999961853	-0,12642216682434	0,094675421714783
9,5450000762939	-0,12591503560543	0,095500409603119
9,5500001907349	-0,12540243566036	0,096322953701019
9,5550003051758	-0,12488448619843	0,097142919898033
9,5600004196167	-0,12436112761497	0,097960345447063
9,5649995803833	-0,12383234500885	0,098775170743465
9,5699996948242	-0,1232981979847	0,099587373435497
9,5749998092651	-0,12275868654251	0,10039688646793
9,5799999237061	-0,12221382558346	0,10120368748903
9,585000038147	-0,12166359275579	0,10200773179531
9,5900001525879	-0,12110798805952	0,10280904173851
9,5950002670288	-0,12054707854986	0,1036075130105
9,6000003814697	-0,11998086422682	0,10440311580896
9,6049995422363	-0,11940933018923	0,10519584268332
9,6099996566772	-0,11883252114058	0,10598560422659
9,6149997711182	-0,11825040727854	0,10677241533995
9,6199998855591	-0,11766298860312	0,10755626857281
9,625	-0,11707033216953	0,10833706706762
9,6300001144409	-0,11647242307663	0,10911476612091
9,6350002288818	-0,11586928367615	0,10988935828209
9,6400003433228	-0,11526089906693	0,11066080629826
9,6450004577637	-0,11464730650187	0,11142908781767
9,6499996185303	-0,11402850598097	0,11219415068626
9,6549997329712	-0,11340456455946	0,11295590549707
9,6599998474121	-0,11277542263269	0,11371440440416
9,664999961853	-0,11214111000299	0,11446958035231
9,6700000762939	-0,11150168627501	0,11522136628628
9,6750001907349	-0,11085711419582	0,11596974730492
9,6800003051758	-0,11020746082067	0,11671467870474
9,6850004196167	-0,10955267399549	0,11745615303516
9,6899995803833	-0,10889285802841	0,11819405853748
9,6949996948242	-0,10822793841362	0,11892846226692
9,6999998092651	-0,10755799710751	0,11965925246477
9,7049999237061	-0,10688301175833	0,12038642168045
9,710000038147	-0,10620299726725	0,12110993266106
9,7150001525879	-0,10551801323891	0,12182973325253
9,7200002670288	-0,10482800751925	0,12254582345486
9,7250003814697	-0,10413309186697	0,12325809895992
9,7299995422363	-0,10343319922686	0,12396660447121
9,7349996566772	-0,10272844135761	0,1246711909771
9,7399997711182	-0,10201869904995	0,12537197768688
9,7449998855591	-0,10130414366722	0,12606878578663
9,75	-0,10058468580246	0,12676165997982
9,7550001144409	-0,09986038506031	0,12745054066181
9,7600002288818	-0,099131226539612	0,12813541293144
9,7650003433228	-0,098397269845009	0,12881620228291
9,7700004577637	-0,09765861928463	0,12949284911156
9,7749996185303	-0,096915148198605	0,13016536831856
9,7799997329712	-0,096166893839836	0,13083377480507
9,7849998474121	-0,095413915812969	0,13149791955948
9,789999961853	-0,094656281173229	0,13215784728527
9,7950000762939	-0,093894027173519	0,13281342387199
9,8000001907349	-0,093127012252808	0,13346473872662
9,8050003051758	-0,092355452477932	0,13411168754101
9,8100004196167	-0,091579213738441	0,13475425541401
9,8149995803833	-0,090798415243626	0,13539238274097
9,8199996948242	-0,090013064444065	0,13602603971958
9,8249998092651	-0,089223191142082	0,13665521144867
9,8299999237061	-0,088428802788258	0,13727982342243
9,835000038147	-0,087629951536655	0,13789987564087
9,8400001525879	-0,086826577782631	0,13851536810398
9,8450002670288	-0,086018845438957	0,13912616670132
9,8500003814697	-0,085206627845764	0,13973231613636
9,8549995422363	-0,084390111267567	0,14033372700214
9,8599996566772	-0,083569176495075	0,14093042910099
9,8649997711182	-0,082743979990482	0,14152233302593
9,8699998855591	-0,081914409995079	0,14210943877697
9,875	-0,081080570816994	0,14269170165062
9,8800001144409	-0,080242544412613	0,14326904714108
9,8850002288818	-0,079400241374969	0,14384151995182
9,8900003433228	-0,078553810715675	0,14440901577473
9,8950004577637	-0,077703207731247	0,14497151970863
9,8999996185303	-0,076848402619362	0,1455290466547
9,9049997329712	-0,075989559292793	0,1460814923048
9,9099998474121	-0,075126640498638	0,1466288715601
9,914999961853	-0,074259728193283	0,14717109501362
9,9200000762939	-0,073388800024986	0,14770817756653
9,9250001907349	-0,072513803839684	0,14824010431767
9,9300003051758	-0,071634918451309	0,14876680076122
9,9350004196167	-0,070752181112766	0,14928823709488
9,9399995803833	-0,069865450263023	0,1498044282198
9,9449996948242	-0,068974934518337	0,150315284729
9,9499998092651	-0,068080566823483	0,15082079172134
9,9549999237061	-0,067182466387749	0,15132091939449
9,960000038147	-0,066280581057072	0,15181565284729
9,9650001525879	-0,065374955534935	0,15230494737625
9,9700002670288	-0,064465686678886	0,15278875827789
9,9750003814697	-0,063552804291248	0,15326705574989
9,9799995422363	-0,062636263668537	0,15373983979225
9,9849996566772	-0,061716120690107	0,15420706570148
9,9899997711182	-0,060792457312346	0,15466870367527
9,9949998855591	-0,059865321964025	0,15512469410896
10	-0,058934662491083	0,15557505190372
