

5	0,93583083152771	0,29873391985893	50,595475974572	0
5,0050001144409	0,93757456541061	0,29309147596359	50,595475974572	0
5,0100002288818	0,93928444385529	0,28743848204613	50,595475974572	0
5,0149998664856	0,94096034765244	0,28177514672279	50,595475974572	0
5,0199999809265	0,94260215759277	0,2761016190052	50,595475974572	0
5,0250000953674	0,9442098736763	0,27041807770729	50,595475974572	0
5,0300002098083	0,94578349590302	0,26472482085228	50,595475974572	0
5,0349998474121	0,94732284545898	0,25902199745178	50,595475974572	0
5,039999961853	0,94882786273956	0,25330981612206	50,595475974572	0
5,0450000762939	0,95029866695404	0,24758850038052	50,595475974572	0
5,0500001907349	0,95173496007919	0,24185821413994	50,595475974572	0
5,0549998283386	0,95313674211502	0,23611918091774	50,595475974572	0
5,0599999427795	0,95450407266617	0,23037162423134	50,595475974572	0
5,0650000572205	0,9558367729187	0,22461572289467	50,595475974572	0
5,0700001716614	0,95713490247726	0,21885170042515	50,595475974572	0
5,0749998092651	0,95839828252792	0,21307975053787	50,595475974572	0
5,0799999237061	0,95962691307068	0,2073000818491	50,595475974572	0
5,085000038147	0,96082079410553	0,2015129327774	50,595475974572	0
5,0900001525879	0,96197980642319	0,1957184523344	50,595475974572	0
5,0949997901917	0,96310389041901	0,18991689383984	50,595475974572	0
5,0999999046326	0,96419304609299	0,1841084510088	50,595475974572	0
5,1050000190735	0,96524721384048	0,17829333245754	50,595475974572	0
5,1100001335144	0,96626633405685	0,17247176170349	50,595475974572	0
5,1149997711182	0,9672504067421	0,16664393246174	50,595475974572	0
5,1199998855591	0,96819937229156	0,16081003844738	50,595475974572	0
5,125	0,96911317110062	0,15497033298016	50,595475974572	0
5,1300001144409	0,96999168395996	0,14912497997284	50,595475974572	0
5,1350002288818	0,97083497047424	0,14327424764633	50,595475974572	0
5,1399998664856	0,97164297103882	0,13741829991341	50,595475974572	0
5,1449999809265	0,97241568565369	0,13155737519264	50,595475974572	0
5,1500000953674	0,97315299510956	0,12569166719913	50,595475974572	0
5,1550002098083	0,97385501861572	0,11982139199972	50,595475974572	0
5,1599998474121	0,97452157735825	0,1139467805624	50,595475974572	0
5,164999961853	0,97515261173248	0,10806803405285	50,595475974572	0
5,1700000762939	0,97574818134308	0,10218534618616	50,595475974572	0
5,1750001907349	0,97630828619003	0,096298977732658	50,595475974572	0
5,1799998283386	0,97683280706406	0,090409100055695	50,595475974572	0
5,1849999427795	0,97732174396515	0,084515951573849	50,595475974572	0
5,1900000572205	0,97777509689331	0,078619740903378	50,595475974572	0
5,1950001716614	0,9781928062439	0,072720669209957	50,595475974572	0
5,1999998092651	0,97857493162155	0,066818974912167	50,595475974572	0
5,2049999237061	0,97892129421234	0,060914866626263	50,595475974572	0
5,210000038147	0,97923213243484	0,055008552968502	50,595475974572	0
5,2150001525879	0,97950708866119	0,049100261181593	50,595475974572	0
5,2199997901917	0,97974640130997	0,043190192431211	50,595475974572	0
5,2249999046326	0,97995007038116	0,037278581410646	50,595475974572	0
5,2300000190735	0,98011785745621	0,031365633010864	50,595475974572	0
5,2350001335144	0,98024994134903	0,025451568886638	50,595475974572	0
5,2399997711182	0,98034620285034	0,019536603242159	50,595475974572	0
5,2449998855591	0,98040664196014	0,013620960526168	50,595475974572	0
5,25	0,98043131828308	0,0077048530802131	50,595475974572	0
5,2550001144409	0,98042023181915	0,001788500812836	50,595475974572	0
5,2600002288818	0,98037326335907	-0,0041278791613877	50,595475974572	0
5,2649998664856	0,98029047250748	-0,010044068098068	50,595475974572	0
5,2699999809265	0,98017191886902	-0,015959847718477	50,595475974572	0
5,2750000953674	0,98001748323441	-0,021874995902181	50,595475974572	0
5,2800002098083	0,97982728481293	-0,027789302170277	50,595475974572	0
5,2849998474121	0,97960126399994	-0,033702537417412	50,595475974572	0
5,289999961853	0,97933930158615	-0,039614494889975	50,595475974572	0
5,2950000762939	0,97904151678085	-0,045524939894676	50,595475974572	0
5,3000001907349	0,97870802879333	-0,05143366754055	50,595475974572	0
5,3049998283386	0,97833865880966	-0,057340450584888	50,595475974572	0
5,3099999427795	0,97793346643448	-0,063245072960854	50,595475974572	0
5,3150000572205	0,97749257087708	-0,069147318601608	50,595475974572	0
5,3200001716614	0,97701585292816	-0,075046949088573	50,595475974572	0
5,3249998092651	0,97650325298309	-0,080943770706654	50,595475974572	0
5,3299999237061	0,97595500946045	-0,08683755248785	50,595475974572	0
5,335000038147	0,9753709435463	-0,092728078365326	50,595475974572	0
5,3400001525879	0,97475111484528	-0,098615117371082	50,595475974572	0
5,3449997901917	0,97409564256668	-0,10449846088886	50,595475974572	0
5,3499999046326	0,97340440750122	-0,11037787795067	50,595475974572	0
5,3550000190735	0,97267758846283	-0,1162531748414	50,595475974572	0
5,3600001335144	0,97191500663757	-0,12212411314249	50,595475974572	0
5,3649997711182	0,97111678123474	-0,12799036502838	50,595475974572	0
5,3699998855591	0,97028297185898	-0,13385194540024	50,595475974572	0
5,375	0,96941351890564	-0,13970856368542	50,595475974572	0
5,3800001144409	0,96850854158401	-0,14555998146534	50,595475974572	0
5,3850002288818	0,96756809949875	-0,15140557289124	50,595475974572	0
5,3899998664856	0,96659207344055	-0,15724551677704	50,595475974572	0
5,3949999809265	0,96558058261871	-0,16308018565178	50,595475974572	0
5,4000000953674	0,96453356742859	-0,16890834271908	50,595475974572	0
5,4050002098083	0,96345126628876	-0,17473019659519	50,595475974572	0
5,4099998474121	0,96233350038528	-0,18054546415806	50,595475974572	0
5,414999961853	0,96118050813675	-0,18635401129723	50,595475974572	0
5,4200000762939	0,95999205112457	-0,19215555489063	50,595475974572	0
5,4250001907349	0,95876848697662	-0,19794990122318	50,595475974572	0
5,4299998283386	0,95750957727432	-0,20373679697514	50,595475974572	0
5,4349999427795	0,9562155008316	-0,20951607823372	50,595475974572	0
5,4400000572205	0,95488631725311	-0,21528747677803	50,595475974572	0
5,4450001716614	0,95352202653885	-0,2210508286953	50,595475974572	0
5,4499998092651	0,9521227478981	-0,22680589556694	50,595475974572	0
5,4549999237061	0,95068842172623	-0,23255240917206	50,595475974572	0
5,460000038147	0,94921916723251	-0,23829020559788	50,595475974572	0
5,4650001525879	0,94771492481232	-0,24401907622814	50,595475974572	0
5,4699997901917	0,94617593288422	-0,24973876774311	50,595475974572	0
5,4749999046326	0,94460207223892	-0,25544908642769	50,595475974572	0
5,4800000190735	0,94299352169037	-0,26114982366562	50,595475974572	0
5,4850001335144	0,94135028123856	-0,26684075593948	50,595475974572	0
5,4899997711182	0,93967241048813	-0,27252167463303	50,595475974572	0
5,4949998855591	0,93795996904373	-0,27819231152534	50,595475974572	0
5,5	0,93621301651001	-0,28385254740715	50,595475974572	0
5,5050001144409	0,93443167209625	-0,28950208425522	50,595475974572	0
5,5100002288818	0,93261587619781	-0,29514074325562	50,595475974572	0
5,5149998664856	0,93076574802399	-0,30076831579208	50,595475974572	0
5,5199999809265	0,9288814663887	-0,30638456344604	50,595475974572	0
5,5250000953674	0,92696285247803	-0,31198930740356	50,595475974572	0
5,5300002098083	0,92501020431519	-0,31758230924606	50,595475974572	0
5,5349998474121	0,92302352190018	-0,32316333055496	50,595475974572	0
5,539999961853	0,92100292444229	-0,32873225212097	50,595475974572	0
5,5450000762939	0,91894823312759	-0,33428877592087	50,595475974572	0
5,5500001907349	0,9168598651886	-0,33983269333839	50,595475974572	0
5,5549998283386	0,91473776102066	-0,34536385536194	50,595475974572	0
5,5599999427795	0,91258192062378	-0,35088202357292	50,595475974572	0
5,5650000572205	0,91039246320724	-0,35638698935509	50,595475974572	0
5,5700001716614	0,90816950798035	-0,36187851428986	50,595475974572	0
5,5749998092651	0,90591311454773	-0,36735638976097	50,595475974572	0
5,5799999237061	0,90362346172333	-0,3728204369545	50,595475974572	0
5,585000038147	0,90130043029785	-0,3782704770565	50,595475974572	0
5,5900001525879	0,89894425868988	-0,38370621204376	50,595475974572	0
5,5949997901917	0,89655494689941	-0,38912752270699	50,595475974572	0
5,5999999046326	0,89413273334503	-0,39453420042992	50,595475974572	0
5,6050000190735	0,89167749881744	-0,39992594718933	50,595475974572	0
5,6100001335144	0,88918942213058	-0,40530261397362	50,595475974572	0
5,6149997711182	0,88666868209839	-0,41066405177116	50,595475974572	0
5,6199998855591	0,88411527872086	-0,41600999236107	50,595475974572	0
5,625	0,88152927160263	-0,42134022712708	50,595475974572	0
5,6300001144409	0,87891089916229	-0,42665457725525	50,595475974572	0
5,6350002288818	0,87626004219055	-0,43195283412933	50,595475974572	0
5,6399998664856	0,87357705831528	-0,43723481893539	50,595475974572	0
5,6449999809265	0,87086188793182	-0,44250029325485	50,595475974572	0
5,6500000953674	0,86811465024948	-0,44774907827377	50,595475974572	0
5,6550002098083	0,86533546447754	-0,45298093557358	50,595475974572	0
5,6599998474121	0,86252439022064	-0,45819571614265	50,595475974572	0
5,664999961853	0,85968166589737	-0,46339321136475	50,595475974572	0
5,6700000762939	0,85680717229843	-0,46857318282127	50,595475974572	0
5,6750001907349	0,8539012670517	-0,47373554110527	50,595475974572	0
5,6799998283386	0,85096395015717	-0,47887992858887	50,595475974572	0
5,6849999427795	0,84799528121948	-0,48400628566742	50,595475974572	0
5,6900000572205	0,84499537944794	-0,48911437392235	50,595475974572	0
5,6950001716614	0,84196442365646	-0,49420392513275	50,595475974572	0
5,6999998092651	0,83890253305435	-0,49927490949631	50,595475974572	0
5,7049999237061	0,83580976724625	-0,50432699918747	50,595475974572	0
5,710000038147	0,83268624544144	-0,50936007499695	50,595475974572	0
5,7150001525879	0,82953214645386	-0,51437383890152	50,595475974572	0
5,7199997901917	0,82634747028351	-0,51936817169189	50,595475974572	0
5,7249999046326	0,82313251495361	-0,52434289455414	50,595475974572	0
5,7300000190735	0,81988728046417	-0,52929782867432	50,595475974572	0
5,7350001335144	0,81661182641983	-0,53423279523849	50,595475974572	0
5,7399997711182	0,81330651044846	-0,53914755582809	50,595475974572	0
5,7449998855591	0,80997115373611	-0,54404193162918	50,595475974572	0
5,75	0,80660617351532	-0,54891580343246	50,595475974572	0
5,7550001144409	0,80321151018143	-0,55376887321472	50,595475974572	0
5,7600002288818	0,79978734254837	-0,55860102176666	50,595475974572	0
5,7649998664856	0,79633384943008	-0,56341201066971	50,595475974572	0
5,7699999809265	0,79285103082657	-0,56820172071457	50,595475974572	0
5,7750000953674	0,78933918476105	-0,57297003269196	50,595475974572	0
5,7800002098083	0,78579837083817	-0,57771670818329	50,595475974572	0
5,7849998474121	0,78222870826721	-0,58244144916534	50,595475974572	0
5,789999961853	0,77863037586212	-0,58714419603348	50,595475974572	0
5,7950000762939	0,77500343322754	-0,5918248295784	50,595475974572	0
5,8000001907349	0,77134817838669	-0,5964829325676	50,595475974572	0
5,8049998283386	0,76766449213028	-0,60111862421036	50,595475974572	0
5,8099999427795	0,76395273208618	-0,60573148727417	50,595475974572	0
5,8150000572205	0,76021301746368	-0,61032152175903	50,595475974572	0
5,8200001716614	0,75644534826279	-0,61488854885101	50,595475974572	0
5,8249998092651	0,75265008211136	-0,61943221092224	50,595475974572	0
5,8299999237061	0,7488272190094	-0,62395250797272	50,595475974572	0
5,835000038147	0,74497693777084	-0,62844926118851	50,595475974572	0
5,8400001525879	0,74109935760498	-0,63292217254639	50,595475974572	0
5,8449997901917	0,73719471693039	-0,63737118244171	50,595475974572	0
5,8499999046326	0,73326307535172	-0,64179611206055	50,595475974572	0
5,8550000190735	0,72930455207825	-0,64619678258896	50,595475974572	0
5,8600001335144	0,72531944513321	-0,65057301521301	50,595475974572	0
5,8649997711182	0,72130781412125	-0,65492469072342	50,595475974572	0
5,8699998855591	0,71726983785629	-0,65925163030624	50,595475974572	0
5,875	0,71320557594299	-0,66355353593826	50,595475974572	0
5,8800001144409	0,70911538600922	-0,66783046722412	50,595475974572	0
5,8850002288818	0,70499920845032	-0,67208218574524	50,595475974572	0
5,8899998664856	0,70085734128952	-0,67630839347839	50,595475974572	0
5,8949999809265	0,69668984413147	-0,68050909042358	50,595475974572	0
5,9000000953674	0,69249707460403	-0,68468409776688	50,595475974572	0
5,9050002098083	0,68827897310257	-0,68883317708969	50,595475974572	0
5,9099998474121	0,68403577804565	-0,69295626878738	50,595475974572	0
5,914999961853	0,67976766824722	-0,69705313444138	50,595475974572	0
5,9200000762939	0,67547482252121	-0,70112365484238	50,595475974572	0
5,9250001907349	0,67115741968155	-0,70516777038574	50,595475974572	0
5,9299998283386	0,66681551933289	-0,7091851234436	50,595475974572	0
5,9349999427795	0,6624493598938	-0,71317577362061	50,595475974572	0
5,9400000572205	0,65805917978287	-0,71713942289352	50,595475974572	0
5,9450001716614	0,65364497900009	-0,721076130867	50,595475974572	0
5,9499998092651	0,64920711517334	-0,72498542070389	50,595475974572	0
5,9549999237061	0,64474558830261	-0,72886741161346	50,595475974572	0
5,960000038147	0,64026075601578	-0,7327219247818	50,595475974572	0
5,9650001525879	0,63575261831284	-0,73654860258102	50,595475974572	0
5,9699997901917	0,63122147321701	-0,74034756422043	50,595475974572	0
5,9749999046326	0,62666738033295	-0,74411857128143	50,595475974572	0
5,9800000190735	0,62209063768387	-0,74786150455475	50,595475974572	0
5,9850001335144	0,61749136447906	-0,75157624483109	50,595475974572	0
5,9899997711182	0,61286973953247	-0,75526255369186	50,595475974572	0
5,9949998855591	0,60822582244873	-0,75892037153244	50,595475974572	0
6	0,60356003046036	-0,76254957914352	50,595475974572	0
6,0050001144409	0,598872423172	-0,76614993810654	50,595475974572	0
6,0100002288818	0,59416311979294	-0,76972144842148	50,595475974572	0
6,0149998664856	0,58943247795105	-0,77326387166977	50,595475974572	0
6,0199999809265	0,58468037843704	-0,77677714824677	50,595475974572	0
6,0250000953674	0,57990729808807	-0,78026109933853	50,595475974572	0
6,0300002098083	0,57511335611343	-0,78371560573578	50,595475974572	0
6,0349998474121	0,57029861211777	-0,78714066743851	50,595475974572	0
6,039999961853	0,56546342372894	-0,79053598642349	50,595475974572	0
6,0450000762939	0,56060779094696	-0,79390144348145	50,595475974572	0
6,0500001907349	0,55573207139969	-0,79723703861237	50,595475974572	0
6,0549998283386	0,55083638429642	-0,80054259300232	50,595475974572	0
6,0599999427795	0,54592090845108	-0,80381792783737	50,595475974572	0
6,0650000572205	0,54098582267761	-0,80706298351288	50,595475974572	0
6,0700001716614	0,53603130578995	-0,81027764081955	50,595475974572	0
6,0749998092651	0,53105765581131	-0,81346172094345	50,595475974572	0
6,0799999237061	0,52606481313705	-0,81661522388458	50,595475974572	0
6,085000038147	0,52105331420898	-0,81973791122437	50,595475974572	0
6,0900001525879	0,5160231590271	-0,82282972335815	50,595475974572	0
6,0949997901917	0,51097458600998	-0,8258906006813	50,595475974572	0
6,0999999046326	0,50590771436691	-0,82892042398453	50,595475974572	0
6,1050000190735	0,50082278251648	-0,83191895484924	50,595475974572	0
6,1100001335144	0,49572002887726	-0,8348862528801	50,595475974572	0
6,1149997711182	0,49059951305389	-0,83782207965851	50,595475974572	0
6,1199998855591	0,48546168208122	-0,84072631597519	50,595475974572	0
6,125	0,48030650615692	-0,84359902143478	50,595475974572	0
6,1300001144409	0,47513434290886	-0,84643995761871	50,595475974572	0
6,1350002288818	0,46994525194168	-0,84924906492233	50,595475974572	0
6,1399998664856	0,46473956108093	-0,85202622413635	50,595475974572	0
6,1449999809265	0,45951732993126	-0,85477137565613	50,595475974572	0
6,1500000953674	0,45427879691124	-0,85748445987701	50,595475974572	0
6,1550002098083	0,44902437925339	-0,86016523838043	50,595475974572	0
6,1599998474121	0,44375389814377	-0,86281371116638	50,595475974572	0
6,164999961853	0,43846789002419	-0,86542969942093	50,595475974572	0
6,1700000762939	0,43316632509232	-0,86801326274872	50,595475974572	0
6,1750001907349	0,42784956097603	-0,87056422233582	50,595475974572	0
6,1799998283386	0,42251774668694	-0,87308245897293	50,595475974572	0
6,1849999427795	0,41717121005058	-0,87556791305542	50,595475974572	0
6,1900000572205	0,41180977225304	-0,87802058458328	50,595475974572	0
6,1950001716614	0,40643405914307	-0,88044017553329	50,595475974572	0
6,1999998092651	0,40104427933693	-0,88282680511475	50,595475974572	0
6,2049999237061	0,39564016461372	-0,8851802945137	50,595475974572	0
6,210000038147	0,39022246003151	-0,88750058412552	50,595475974572	0
6,2150001525879	0,38479110598564	-0,88978761434555	50,595475974572	0
6,2199997901917	0,37934625148773	-0,89204126596451	50,595475974572	0
6,2249999046326	0,37388831377029	-0,8942614197731	50,595475974572	0
6,2300000190735	0,36841741204262	-0,89644813537598	50,595475974572	0
6,2350001335144	0,36293366551399	-0,8986012339592	50,595475974572	0
6,2399997711182	0,35743734240532	-0,90072071552277	50,595475974572	0
6,2449998855591	0,35192856192589	-0,90280640125275	50,595475974572	0
6,25	0,34640797972679	-0,90485823154449	50,595475974572	0
6,2550001144409	0,34087532758713	-0,90687626600266	50,595475974572	0
6,2600002288818	0,33533084392548	-0,90886032581329	50,595475974572	0
6,2649998664856	0,32977482676506	-0,91081041097641	50,595475974572	0
6,2699999809265	0,32420769333839	-0,91272634267807	50,595475974572	0
6,2750000953674	0,31862926483154	-0,91460818052292	50,595475974572	0
6,2800002098083	0,31304004788399	-0,91645580530167	50,595475974572	0
6,2849998474121	0,30744034051895	-0,91826921701431	50,595475974572	0
6,289999961853	0,30182999372482	-0,92004823684692	50,595475974572	0
6,2950000762939	0,29620954394341	-0,9217928647995	50,595475974572	0
6,3000001907349	0,29057896137238	-0,92350310087204	50,595475974572	0
6,3049998283386	0,28493869304657	-0,92517870664597	50,595475974572	0
6,3099999427795	0,2792886197567	-0,92681986093521	50,595475974572	0
6,3150000572205	0,27362936735153	-0,92842638492584	50,595475974572	0
6,3200001716614	0,26796099543571	-0,92999827861786	50,595475974572	0
6,3249998092651	0,26228365302086	-0,93153542280197	50,595475974572	0
6,3299999237061	0,25659754872322	-0,93303781747818	50,595475974572	0
6,335000038147	0,25090286135674	-0,93450540304184	50,595475974572	0
6,3400001525879	0,24520000815392	-0,93593811988831	50,595475974572	0
6,3449997901917	0,23948895931244	-0,93733590841293	50,595475974572	0
6,3499999046326	0,23377019166946	-0,93869882822037	50,595475974572	0
6,3550000190735	0,2280435860157	-0,94002676010132	50,595475974572	0
6,3600001335144	0,22230967879295	-0,94131964445114	50,595475974572	0
6,3649997711182	0,21656857430935	-0,94257742166519	50,595475974572	0
6,3699998855591	0,21082037687302	-0,94380015134811	50,595475974572	0
6,375	0,20506551861763	-0,94498771429062	50,595475974572	0
6,3800001144409	0,19930413365364	-0,94614011049271	50,595475974572	0
6,3850002288818	0,19353617727757	-0,94725728034973	50,595475974572	0
6,3899998664856	0,18776221573353	-0,94833922386169	50,595475974572	0
6,3949999809265	0,18198247253895	-0,94938588142395	50,595475974572	0
6,4000000953674	0,1761969178915	-0,9503972530365	50,595475974572	0
6,4050002098083	0,1704058945179	-0,95137321949005	50,595475974572	0
6,4099998474121	0,16460964083672	-0,9523138999939	50,595475974572	0
6,414999961853	0,15880833566189	-0,95321917533875	50,595475974572	0
6,4200000762939	0,15300232172012	-0,9540890455246	50,595475974572	0
6,4250001907349	0,14719161391258	-0,95492351055145	50,595475974572	0
6,4299998283386	0,14137661457062	-0,95572245121002	50,595475974572	0
6,4349999427795	0,13555733859539	-0,95648604631424	50,595475974572	0
6,4400000572205	0,12973411381245	-0,95721399784088	50,595475974572	0
6,4450001716614	0,12390726059675	-0,95790648460388	50,595475974572	0
6,4499998092651	0,11807678639889	-0,9585634469986	50,595475974572	0
6,4549999237061	0,11224312335253	-0,95918494462967	50,595475974572	0
6,460000038147	0,10640649497509	-0,95977073907852	50,595475974572	0
6,4650001525879	0,10056676715612	-0,96032106876373	50,595475974572	0
6,4699997901917	0,0947245657444	-0,96083587408066	50,595475974572	0
6,4749999046326	0,088879980146885	-0,96131497621536	50,595475974572	0
6,4800000190735	0,083033077418804	-0,96175849437714	50,595475974572	0
6,4850001335144	0,077184520661831	-0,96216648817062	50,595475974572	0
6,4899997711182	0,07133361697197	-0,96253883838654	50,595475974572	0
6,4949998855591	0,065481945872307	-0,96287560462952	50,595475974572	0
6,5	0,05962835252285	-0,96317666769028	50,595475974572	0
6,5050001144409	0,053773976862431	-0,96344220638275	50,595475974572	0
6,5100002288818	0,047918580472469	-0,96367210149765	50,595475974572	0
6,5149998664856	0,042062822729349	-0,96386635303497	50,595475974572	0
6,5199999809265	0,036206025630236	-0,96402508020401	50,595475974572	0
6,5250000953674	0,030349301174283	-0,96414816379547	50,595475974572	0
6,5300002098083	0,02449288032949	-0,96423560380936	50,595475974572	0
6,5349998474121	0,018636055290699	-0,96428751945496	50,595475974572	0
6,539999961853	0,012779962271452	-0,96430379152298	50,595475974572	0
6,5450000762939	0,0069243595935404	-0,96428447961807	50,595475974572	0
6,5500001907349	0,0010703810257837	-0,96422970294952	50,595475974572	0
6,5549998283386	-0,0047831363044679	-0,9641392827034	50,595475974572	0
6,5599999427795	-0,010635516606271	-0,96401339769363	50,595475974572	0
6,5650000572205	-0,016486084088683	-0,96385186910629	50,595475974572	0
6,5700001716614	-0,022335084155202	-0,9636549949646	50,595475974572	0
6,5749998092651	-0,028181839734316	-0,96342253684998	50,595475974572	0
6,5799999237061	-0,034026596695185	-0,96315461397171	50,595475974572	0
6,585000038147	-0,039869140833616	-0,96285134553909	50,595475974572	0
6,5900001525879	-0,045708797872066	-0,96251255273819	50,595475974572	0
6,5949997901917	-0,051545813679695	-0,96213835477829	50,595475974572	0
6,5999999046326	-0,057379964739084	-0,96172875165939	50,595475974572	0
6,6050000190735	-0,063210591673851	-0,96128392219543	50,595475974572	0
6,6100001335144	-0,069037929177284	-0,96080362796783	50,595475974572	0
6,6149997711182	-0,074861764907837	-0,96028810739517	50,595475974572	0
6,6199998855591	-0,080681435763836	-0,9597373008728	50,595475974572	0
6,625	-0,086496725678444	-0,95915132761002	50,595475974572	0
6,6300001144409	-0,092307865619659	-0,95853006839752	50,595475974572	0
6,6350002288818	-0,098114661872387	-0,95787370204926	50,595475974572	0
6,6399998664856	-0,10391688346863	-0,95718210935593	50,595475974572	0
6,6449999809265	-0,10971388220787	-0,95645546913147	50,595475974572	0
6,6500000953674	-0,11550588160753	-0,95569372177124	50,595475974572	0
6,6550002098083	-0,1212922334671	-0,95489710569382	50,595475974572	0
6,6599998474121	-0,12707318365574	-0,95406538248062	50,595475974572	0
6,664999961853	-0,13284850120544	-0,95319873094559	50,595475974572	0
6,6700000762939	-0,13861706852913	-0,95229721069336	50,595475974572	0
6,6750001907349	-0,14438004791737	-0,95136082172394	50,595475974572	0
6,6799998283386	-0,1501363068819	-0,95038962364197	50,595475974572	0
6,6849999427795	-0,1558865904808	-0,94938361644745	50,595475974572	0
6,6900000572205	-0,1616288125515	-0,94834297895432	50,595475974572	0
6,6950001716614	-0,16736507415771	-0,94726759195328	50,595475974572	0
6,6999998092651	-0,17309333384037	-0,94615763425827	50,595475974572	0
6,7049999237061	-0,17881472408772	-0,94501298666	50,595475974572	0
6,710000038147	-0,18452773988247	-0,94383406639099	50,595475974572	0
6,7150001525879	-0,19023348391056	-0,94262057542801	50,595475974572	0
6,7199997901917	-0,19593039155006	-0,94137269258499	50,595475974572	0
6,7249999046326	-0,20161917805672	-0,94009047746658	50,595475974572	0
6,7300000190735	-0,20729963481426	-0,93877398967743	50,595475974572	0
6,7350001335144	-0,21297200024128	-0,93742311000824	50,595475974572	0
6,7399997711182	-0,21863470971584	-0,93603819608688	50,595475974572	0
6,7449998855591	-0,22428803145885	-0,93461924791336	50,595475974572	0
6,75	-0,22993220388889	-0,93316614627838	50,595475974572	0
6,7550001144409	-0,23556745052338	-0,93167895078659	50,595475974572	0
6,7600002288818	-0,24119225144386	-0,93015801906586	50,595475974572	0
6,7649998664856	-0,24680683016777	-0,92860341072083	50,595475974572	0
6,7699999809265	-0,25241190195084	-0,92701464891434	50,595475974572	0
6,7750000953674	-0,25800633430481	-0,92539238929749	50,595475974572	0
6,7800002098083	-0,26359036564827	-0,92373633384705	50,595475974572	0
6,7849998474121	-0,26916342973709	-0,92204684019089	50,595475974572	0
6,789999961853	-0,27472573518753	-0,92032384872437	50,595475974572	0
6,7950000762939	-0,28027656674385	-0,91856735944748	50,595475974572	0
6,8000001907349	-0,28581619262695	-0,91677761077881	50,595475974572	0
6,8049998283386	-0,291344165802	-0,91495454311371	50,595475974572	0
6,8099999427795	-0,29686045646667	-0,91309821605682	50,595475974572	0
6,8150000572205	-0,30236473679543	-0,91120880842209	50,595475974572	0
6,8200001716614	-0,30785682797432	-0,90928637981415	50,595475974572	0
6,8249998092651	-0,31333655118942	-0,90733098983765	50,595475974572	0
6,8299999237061	-0,31880381703377	-0,90534269809723	50,595475974572	0
6,835000038147	-0,3242581486702	-0,90332168340683	50,595475974572	0
6,8400001525879	-0,32969960570335	-0,90126782655716	50,595475974572	0
6,8449997901917	-0,33512783050537	-0,89918154478073	50,595475974572	0
6,8499999046326	-0,34054291248322	-0,89706248044968	50,595475974572	0
6,8550000190735	-0,34594419598579	-0,8949111700058	50,595475974572	0
6,8600001335144	-0,35133183002472	-0,89272743463516	50,595475974572	0
6,8649997711182	-0,35670566558838	-0,89051139354706	50,595475974572	0
6,8699998855591	-0,3620653450489	-0,88826316595078	50,595475974572	0
6,875	-0,36741068959236	-0,8859828710556	50,595475974572	0
6,8800001144409	-0,37274146080017	-0,88367062807083	50,595475974572	0
6,8850002288818	-0,37805756926537	-0,88132643699646	50,595475974572	0
6,8899998664856	-0,38335880637169	-0,87895041704178	50,595475974572	0
6,8949999809265	-0,38864496350288	-0,87654268741608	50,595475974572	0
6,9000000953674	-0,39391583204269	-0,87410336732864	50,595475974572	0
6,9050002098083	-0,39917135238647	-0,87163251638412	50,595475974572	0
6,9099998474121	-0,40441113710403	-0,86913025379181	50,595475974572	0
6,914999961853	-0,40963509678841	-0,86659669876099	50,595475974572	0
6,9200000762939	-0,41484323143959	-0,86403185129166	50,595475974572	0
6,9250001907349	-0,42003500461578	-0,86143606901169	50,595475974572	0
6,9299998283386	-0,42521053552628	-0,85880905389786	50,595475974572	0
6,9349999427795	-0,43036931753159	-0,85615134239197	50,595475974572	0
6,9400000572205	-0,43551155924797	-0,85346269607544	50,595475974572	0
6,9450001716614	-0,44063663482666	-0,85074353218079	50,595475974572	0
6,9499998092651	-0,44574481248856	-0,84799361228943	50,595475974572	0
6,9549999237061	-0,45083570480347	-0,84521329402924	50,595475974572	0
6,960000038147	-0,45590895414352	-0,84240263700485	50,595475974572	0
6,9650001525879	-0,46096470952034	-0,83956170082092	50,595475974572	0
6,9699997901917	-0,46600243449211	-0,83669072389603	50,595475974572	0
6,9749999046326	-0,47102236747742	-0,83378964662552	50,595475974572	0
6,9800000190735	-0,47602409124374	-0,83085870742798	50,595475974572	0
6,9850001335144	-0,48100766539574	-0,82789778709412	50,595475974572	0
6,9899997711182	-0,48597246408463	-0,82490736246109	50,595475974572	0
6,9949998855591	-0,49091839790344	-0,82188749313354	50,595475974572	0
7	-0,49584582448006	-0,81883788108826	50,595475974572	0
7,0050001144409	-0,50075399875641	-0,81575918197632	50,595475974572	0
7,0100002288818	-0,50564295053482	-0,8126512169838	50,595475974572	0
7,0149998664856	-0,51051247119904	-0,80951416492462	50,595475974572	0
7,0199999809265	-0,51536238193512	-0,80634820461273	50,595475974572	0
7,0250000953674	-0,52019280195236	-0,80315333604813	50,595475974572	0
7,0300002098083	-0,52500313520432	-0,79992985725403	50,595475974572	0
7,0349998474121	-0,52979326248169	-0,79667782783508	50,595475974572	0
7,039999961853	-0,53456348180771	-0,79339718818665	50,595475974572	0
7,0450000762939	-0,53931295871735	-0,79008835554123	50,595475974572	0
7,0500001907349	-0,54404211044312	-0,78675121068954	50,595475974572	0
7,0549998283386	-0,54875034093857	-0,78338611125946	50,595475974572	0
7,0599999427795	-0,55343782901764	-0,77999299764633	50,595475974572	0
7,0650000572205	-0,55810415744781	-0,77657204866409	50,595475974572	0
7,0700001716614	-0,56274914741516	-0,77312356233597	50,595475974572	0
7,0749998092651	-0,56737291812897	-0,76964735984802	50,595475974572	0
7,0799999237061	-0,57197517156601	-0,76614379882813	50,595475974572	0
7,085000038147	-0,57655555009842	-0,76261299848557	50,595475974572	0
7,0900001525879	-0,58111417293549	-0,75905501842499	50,595475974572	0
7,0949997901917	-0,58565050363541	-0,75547021627426	50,595475974572	0
7,0999999046326	-0,59016501903534	-0,75185823440552	50,595475974572	0
7,1050000190735	-0,59465700387955	-0,74821960926056	50,595475974572	0
7,1100001335144	-0,59912645816803	-0,74455457925797	50,595475974572	0
7,1149997711182	-0,60357332229614	-0,7408629655838	50,595475974572	0
7,1199998855591	-0,60799723863602	-0,73714512586594	50,595475974572	0
7,125	-0,61239844560623	-0,73340100049973	50,595475974572	0
7,1300001144409	-0,61677628755569	-0,72963094711304	50,595475974572	0
7,1350002288818	-0,6211308836937	-0,72583502531052	50,595475974572	0
7,1399998664856	-0,6254620552063	-0,7220134139061	50,595475974572	0
7,1449999809265	-0,62976998090744	-0,71816593408585	50,595475974572	0
7,1500000953674	-0,63405376672745	-0,71429324150085	50,595475974572	0
7,1550002098083	-0,63831371068954	-0,71039533615112	50,595475974572	0
7,1599998474121	-0,64254987239838	-0,70647209882736	50,595475974572	0
7,164999961853	-0,64676177501678	-0,70252394676208	50,595475974572	0
7,1700000762939	-0,65094941854477	-0,69855082035065	50,595475974572	0
7,1750001907349	-0,65511256456375	-0,69455307722092	50,595475974572	0
7,1799998283386	-0,65925109386444	-0,69053083658218	50,595475974572	0
7,1849999427795	-0,66336506605148	-0,68648397922516	50,595475974572	0
7,1900000572205	-0,66745394468307	-0,68241310119629	50,595475974572	0
7,1950001716614	-0,67151772975922	-0,67831826210022	50,595475974572	0
7,1999998092651	-0,67555665969849	-0,67419898509979	50,595475974572	0
7,2049999237061	-0,67957007884979	-0,67005634307861	50,595475974572	0
7,210000038147	-0,68355810642242	-0,66588997840881	50,595475974572	0
7,2150001525879	-0,68752062320709	-0,66170006990433	50,595475974572	0
7,2199997901917	-0,69145739078522	-0,65748685598373	50,595475974572	0
7,2249999046326	-0,69536828994751	-0,65325045585632	50,595475974572	0
7,2300000190735	-0,69925332069397	-0,64899110794067	50,595475974572	0
7,2350001335144	-0,70311194658279	-0,64470911026001	50,595475974572	0
7,2399997711182	-0,70694470405579	-0,64040410518646	50,595475974572	0
7,2449998855591	-0,71075075864792	-0,63607692718506	50,595475974572	0
7,25	-0,71453058719635	-0,63172709941864	50,595475974572	0
7,2550001144409	-0,71828377246857	-0,62735509872437	50,595475974572	0
7,2600002288818	-0,72201001644135	-0,62296122312546	50,595475974572	0
7,2649998664856	-0,72570967674255	-0,61854511499405	50,595475974572	0
7,2699999809265	-0,72938185930252	-0,61410784721375	50,595475974572	0
7,2750000953674	-0,73302721977234	-0,6096488237381	50,595475974572	0
7,2800002098083	-0,73664546012878	-0,6051681637764	50,595475974572	0
7,2849998474121	-0,74023604393005	-0,60066652297974	50,595475974572	0
7,289999961853	-0,74379932880402	-0,59614366292953	50,595475974572	0
7,2950000762939	-0,74733483791351	-0,59160017967224	50,595475974572	0
7,3000001907349	-0,75084269046783	-0,58703577518463	50,595475974572	0
7,3049998283386	-0,75432252883911	-0,5824511051178	50,595475974572	0
7,3099999427795	-0,75777453184128	-0,57784587144852	50,595475974572	0
7,3150000572205	-0,76119828224182	-0,57322067022324	50,595475974572	0
7,3200001716614	-0,76459419727325	-0,56857490539551	50,595475974572	0
7,3249998092651	-0,76796144247055	-0,56390970945358	50,595475974572	0
7,3299999237061	-0,77130037546158	-0,55922484397888	50,595475974572	0
7,335000038147	-0,77461063861847	-0,55452048778534	50,595475974572	0
7,3400001525879	-0,77789229154587	-0,54979664087296	50,595475974572	0
7,3449997901917	-0,78114521503448	-0,5450536608696	50,595475974572	0
7,3499999046326	-0,78436923027039	-0,5402917265892	50,595475974572	0
7,3550000190735	-0,78756427764893	-0,53551077842712	50,595475974572	0
7,3600001335144	-0,79073017835617	-0,5307115316391	50,595475974572	0
7,3649997711182	-0,79386693239212	-0,52589356899261	50,595475974572	0
7,3699998855591	-0,7969743013382	-0,52105742692947	50,595475974572	0
7,375	-0,8000522851944	-0,51620316505432	50,595475974572	0
7,3800001144409	-0,80310076475143	-0,51133102178574	50,595475974572	0
7,3850002288818	-0,80611956119537	-0,50644111633301	50,595475974572	0
7,3899998664856	-0,80910867452621	-0,50153362751007	50,595475974572	0
7,3949999809265	-0,81206798553467	-0,49660867452621	50,595475974572	0
7,4000000953674	-0,81499725580215	-0,49166676402092	50,595475974572	0
7,4050002098083	-0,81789666414261	-0,48670747876167	50,595475974572	0
7,4099998474121	-0,82076585292816	-0,48173156380653	50,595475974572	0
7,414999961853	-0,8236049413681	-0,47673887014389	50,595475974572	0
7,4200000762939	-0,82641363143921	-0,47172969579697	50,595475974572	0
7,4250001907349	-0,82919192314148	-0,46670427918434	50,595475974572	0
7,4299998283386	-0,83193969726563	-0,46166279911995	50,595475974572	0
7,4349999427795	-0,83465683460236	-0,45660543441772	50,595475974572	0
7,4400000572205	-0,83734339475632	-0,45153215527534	50,595475974572	0
7,4450001716614	-0,83999925851822	-0,44644337892532	50,595475974572	0
7,4499998092651	-0,84262412786484	-0,44133928418159	50,595475974572	0
7,4549999237061	-0,84521818161011	-0,43621978163719	50,595475974572	0
7,460000038147	-0,8477811217308	-0,43108534812927	50,595475974572	0
7,4650001525879	-0,85031288862228	-0,42593640089035	50,595475974572	0
7,4699997901917	-0,85281360149384	-0,42077240347862	50,595475974572	0
7,4749999046326	-0,85528308153152	-0,4155940413475	50,595475974572	0
7,4800000190735	-0,85772097110748	-0,41040167212486	50,595475974572	0
7,4850001335144	-0,86012756824493	-0,40519511699677	50,595475974572	0
7,4899997711182	-0,8625026345253	-0,3999744951725	50,595475974572	0
7,4949998855591	-0,86484605073929	-0,39474046230316	50,595475974572	0
7,5	-0,86715787649155	-0,38949277997017	50,595475974572	0
7,5050001144409	-0,86943787336349	-0,38423183560371	50,595475974572	0
7,5100002288818	-0,87168616056442	-0,3789576292038	50,595475974572	0
7,5149998664856	-0,87390249967575	-0,37367057800293	50,595475974572	0
7,5199999809265	-0,87608677148819	-0,3683708012104	50,595475974572	0
7,5250000953674	-0,87823921442032	-0,36305838823318	50,595475974572	0
7,5300002098083	-0,88035941123962	-0,3577336370945	50,595475974572	0
7,5349998474121	-0,88244730234146	-0,3523970246315	50,595475974572	0
7,539999961853	-0,88450312614441	-0,34704810380936	50,595475974572	0
7,5450000762939	-0,8865265250206	-0,34168767929077	50,595475974572	0
7,5500001907349	-0,88851767778397	-0,33631533384323	50,595475974572	0
7,5549998283386	-0,89047622680664	-0,33093187212944	50,595475974572	0
7,5599999427795	-0,89240229129791	-0,32553726434708	50,595475974572	0
7,5650000572205	-0,89429593086243	-0,32013133168221	50,595475974572	0
7,5700001716614	-0,89615684747696	-0,31471467018127	50,595475974572	0
7,5749998092651	-0,89798504114151	-0,30928760766983	50,595475974572	0
7,5799999237061	-0,89978045225143	-0,30385008454323	50,595475974572	0
7,585000038147	-0,90154314041138	-0,29840219020844	50,595475974572	0
7,5900001525879	-0,90327298641205	-0,29294434189796	50,595475974572	0
7,5949997901917	-0,90496975183487	-0,28747674822807	50,595475974572	0
7,5999999046326	-0,90663355588913	-0,28199961781502	50,595475974572	0
7,6050000190735	-0,90826445817947	-0,2765126824379	50,595475974572	0
7,6100001335144	-0,90986222028732	-0,27101665735245	50,595475974572	0
7,6149997711182	-0,91142678260803	-0,26551184058189	50,595475974572	0
7,6199998855591	-0,91295832395554	-0,25999787449837	50,595475974572	0
7,625	-0,91445648670197	-0,25447556376457	50,595475974572	0
7,6300001144409	-0,91592139005661	-0,24894465506077	50,595475974572	0
7,6350002288818	-0,91735303401947	-0,2434054017067	50,595475974572	0
7,6399998664856	-0,91875129938126	-0,23785820603371	50,595475974572	0
7,6449999809265	-0,92011606693268	-0,23230323195457	50,595475974572	0
7,6500000953674	-0,92144739627838	-0,22674049437046	50,595475974572	0
7,6550002098083	-0,92274528741837	-0,22117018699646	50,595475974572	0
7,6599998474121	-0,92400968074799	-0,21559272706509	50,595475974572	0
7,664999961853	-0,92524033784866	-0,21000829339027	50,595475974572	0
7,6700000762939	-0,92643743753433	-0,20441715419292	50,595475974572	0
7,6750001907349	-0,92760092020035	-0,19881922006607	50,595475974572	0
7,6799998283386	-0,92873072624207	-0,19321472942829	50,595475974572	0
7,6849999427795	-0,9298267364502	-0,18760408461094	50,595475974572	0
7,6900000572205	-0,93088907003403	-0,18198728561401	50,595475974572	0
7,6950001716614	-0,93191748857498	-0,17636498808861	50,595475974572	0
7,6999998092651	-0,93291217088699	-0,17073668539524	50,595475974572	0
7,7049999237061	-0,93387305736542	-0,16510306298733	50,595475974572	0
7,710000038147	-0,93479996919632	-0,15946407616138	50,595475974572	0
7,7150001525879	-0,93569296598434	-0,15382039546967	50,595475974572	0
7,7199997901917	-0,93655204772949	-0,14817152917385	50,595475974572	0
7,7249999046326	-0,93737715482712	-0,14251816272736	50,595475974572	0
7,7300000190735	-0,93816828727722	-0,13686023652554	50,595475974572	0
7,7350001335144	-0,9389254450798	-0,13119842112064	50,595475974572	0
7,7399997711182	-0,93964856863022	-0,12553204596043	50,595475974572	0
7,7449998855591	-0,94033759832382	-0,11986216157675	50,595475974572	0
7,75	-0,94099253416061	-0,11418855935335	50,595475974572	0
7,7550001144409	-0,94161343574524	-0,10851166397333	50,595475974572	0
7,7600002288818	-0,94220018386841	-0,10283143818378	50,595475974572	0
7,7649998664856	-0,94275289773941	-0,097148098051548	50,595475974572	0
7,7699999809265	-0,94327133893967	-0,091462075710297	50,595475974572	0
7,7750000953674	-0,94375574588776	-0,085773341357708	50,595475974572	0
7,7800002098083	-0,94420593976974	-0,080082334578037	50,595475974572	0
7,7849998474121	-0,94462192058563	-0,07438924908638	50,595475974572	0
7,789999961853	-0,94500380754471	-0,068693846464157	50,595475974572	0
7,7950000762939	-0,94535142183304	-0,06299677491188	50,595475974572	0
7,8000001907349	-0,94566488265991	-0,057298012077808	50,595475974572	0
7,8049998283386	-0,94594413042068	-0,051598001271486	50,595475974572	0
7,8099999427795	-0,94618910551071	-0,045896708965302	50,595475974572	0
7,8150000572205	-0,94639986753464	-0,040194567292929	50,595475974572	0
7,8200001716614	-0,94657641649246	-0,034491330385208	50,595475974572	0
7,8249998092651	-0,94671887159348	-0,028787884861231	50,595475974572	0
7,8299999237061	-0,94682693481445	-0,023083750158548	50,595475974572	0
7,835000038147	-0,94690084457397	-0,017379587516189	50,595475974572	0
7,8400001525879	-0,9469405412674	-0,011675599962473	50,595475974572	0
7,8449997901917	-0,94694596529007	-0,0059715397655964	50,595475974572	0
7,8499999046326	-0,94691717624664	-0,00026806307141669	50,595475974572	0
7,8550000190735	-0,94685423374176	0,0054348511621356	50,595475974572	0
7,8600001335144	-0,94675701856613	0,011136998422444	50,595475974572	0
7,8649997711182	-0,94662564992905	0,016837950795889	50,595475974572	0
7,8699998855591	-0,94646000862122	0,022537725046277	50,595475974572	0
7,875	-0,94626033306122	0,028235895559192	50,595475974572	0
7,8800001144409	-0,94602638483047	0,033932484686375	50,595475974572	0
7,8850002288818	-0,94575834274292	0,039627283811569	50,595475974572	0
7,8899998664856	-0,94545608758926	0,045320089906454	50,595475974572	0
7,8949999809265	-0,94511979818344	0,051010474562645	50,595475974572	0
7,9000000953674	-0,94474929571152	0,056698456406593	50,595475974572	0
7,9050002098083	-0,94434475898743	0,062383845448494	50,595475974572	0
7,9099998474121	-0,94390606880188	0,068066418170929	50,595475974572	0
7,914999961853	-0,94343340396881	0,073745988309383	50,595475974572	0
7,9200000762939	-0,94292664527893	0,079422116279602	50,595475974572	0
7,9250001907349	-0,94238591194153	0,085094831883907	50,595475974572	0
7,9299998283386	-0,94181114435196	0,090763911604881	50,595475974572	0
7,9349999427795	-0,94120240211487	0,09642917662859	50,595475974572	0
7,9400000572205	-0,94055980443954	0,10208997130394	50,595475974572	0
7,9450001716614	-0,9398832321167	0,10774698108435	50,595475974572	0
7,9499998092651	-0,93917268514633	0,11339934170246	50,595475974572	0
7,9549999237061	-0,93842840194702	0,11904706060886	50,595475974572	0
7,960000038147	-0,93765014410019	0,12468971312046	50,595475974572	0
7,9650001525879	-0,93683820962906	0,13032734394073	50,595475974572	0
7,9699997901917	-0,93599236011505	0,13595993816853	50,595475974572	0
7,9749999046326	-0,93511295318604	0,14158666133881	50,595475974572	0
7,9800000190735	-0,93419969081879	0,14720796048641	50,595475974572	0
7,9850001335144	-0,93325293064117	0,15282319486141	50,595475974572	0
7,9899997711182	-0,93227237462997	0,15843258798122	50,595475974572	0
7,9949998855591	-0,93125832080841	0,16403575241566	50,595475974572	0
8	-0,93021064996719	0,16963222622871	50,595475974572	0
8,0050001144409	-0,92912948131561	0,1752220839262	50,595475974572	0
8,0100002288818	-0,92801481485367	0,18080507218838	50,595475974572	0
8,0150003433228	-0,926866710186	0,18638101220131	50,595475974572	0
8,0200004577637	-0,92568534612656	0,19194948673248	50,595475974572	0
8,0249996185303	-0,9244704246521	0,1975109577179	50,595475974572	0
8,0299997329712	-0,9232223033905	0,20306432247162	50,595475974572	0
8,0349998474121	-0,92194098234177	0,20861008763313	50,595475974572	0
8,039999961853	-0,92062640190125	0,21414759755135	50,595475974572	0
8,0450000762939	-0,91927868127823	0,2196768373251	50,595475974572	0
8,0500001907349	-0,91789788007736	0,22519764304161	50,595475974572	0
8,0550003051758	-0,916483938694	0,23071002960205	50,595475974572	0
8,0600004196167	-0,91503709554672	0,23621334135532	50,595475974572	0
8,0649995803833	-0,91355729103088	0,24170765280724	50,595475974572	0
8,0699996948242	-0,91204458475113	0,24719272553921	50,595475974572	0
8,0749998092651	-0,9104990363121	0,2526683807373	50,595475974572	0
8,0799999237061	-0,90892070531845	0,25813439488411	50,595475974572	0
8,085000038147	-0,90730971097946	0,26359036564827	50,595475974572	0
8,0900001525879	-0,90566593408585	0,26903674006462	50,595475974572	0
8,0950002670288	-0,90398973226547	0,2744725048542	50,595475974572	0
8,1000003814697	-0,90228080749512	0,27989828586578	50,595475974572	0
8,1049995422363	-0,90053951740265	0,28531304001808	50,595475974572	0
8,1099996566772	-0,89876574277878	0,29071745276451	50,595475974572	0
8,1149997711182	-0,89695972204208	0,29611042141914	50,595475974572	0
8,1199998855591	-0,89512133598328	0,30149263143539	50,595475974572	0
8,125	-0,89325082302094	0,30686303973198	50,595475974572	0
8,1300001144409	-0,89134806394577	0,31222209334373	50,595475974572	0
8,1350002288818	-0,88941323757172	0,31756961345673	50,595475974572	0
8,1400003433228	-0,88744646310806	0,3229047358036	50,595475974572	0
8,1450004577637	-0,88544774055481	0,32822820544243	50,595475974572	0
8,1499996185303	-0,88341718912125	0,33353903889656	50,595475974572	0
8,1549997329712	-0,88135480880737	0,33883741497993	50,595475974572	0
8,1599998474121	-0,87926077842712	0,34412303566933	50,595475974572	0
8,164999961853	-0,8771350979805	0,3493959903717	50,595475974572	0
8,1700000762939	-0,87497782707214	0,35465562343597	50,595475974572	0
8,1750001907349	-0,8727890253067	0,35990220308304	50,595475974572	0
8,1800003051758	-0,8705689907074	0,3651350736618	50,595475974572	0
8,1850004196167	-0,86831742525101	0,37035474181175	50,595475974572	0
8,1899995803833	-0,86603480577469	0,37556013464928	50,595475974572	0
8,1949996948242	-0,86372095346451	0,38075166940689	50,595475974572	0
8,1999998092651	-0,8613760471344	0,38592898845673	50,595475974572	0
8,2049999237061	-0,85900008678436	0,39109209179878	50,595475974572	0
8,210000038147	-0,85659331083298	0,39624065160751	50,595475974572	0
8,2150001525879	-0,85415577888489	0,4013739824295	50,595475974572	0
8,2200002670288	-0,8516873717308	0,40649300813675	50,595475974572	0
8,2250003814697	-0,8491884469986	0,41159668564796	50,595475974572	0
8,2299995422363	-0,84665900468826	0,41668480634689	50,595475974572	0
8,2349996566772	-0,84409898519516	0,42175781726837	50,595475974572	0
8,2399997711182	-0,8415088057518	0,42681473493576	50,595475974572	0
8,2449998855591	-0,83888816833496	0,43185618519783	50,595475974572	0
8,25	-0,83623737096786	0,43688157200813	50,595475974572	0
8,2550001144409	-0,83355659246445	0,44189074635506	50,595475974572	0
8,2600002288818	-0,83084565401077	0,44688367843628	50,595475974572	0
8,2650003433228	-0,82810515165329	0,45185959339142	50,595475974572	0
8,2700004577637	-0,82533466815948	0,45681914687157	50,595475974572	0
8,2749996185303	-0,82253444194794	0,46176174283028	50,595475974572	0
8,2799997329712	-0,81970477104187	0,46668720245361	50,595475974572	0
8,2849998474121	-0,81684559583664	0,47159534692764	50,595475974572	0
8,289999961853	-0,81395721435547	0,4764858186245	50,595475974572	0
8,2950000762939	-0,81103926897049	0,48135903477669	50,595475974572	0
8,3000001907349	-0,8080922961235	0,48621433973312	50,595475974572	0
8,3050003051758	-0,80511623620987	0,49105167388916	50,595475974572	0
8,3100004196167	-0,80211114883423	0,4958710372448	50,595475974572	0
8,3149995803833	-0,79907739162445	0,50067180395126	50,595475974572	0
8,3199996948242	-0,7960147857666	0,50545424222946	50,595475974572	0
8,3249998092651	-0,79292345046997	0,51021814346313	50,595475974572	0
8,3299999237061	-0,78980368375778	0,51496320962906	50,595475974572	0
8,335000038147	-0,78665566444397	0,51968896389008	50,595475974572	0
8,3400001525879	-0,7834792137146	0,52439576387405	50,595475974572	0
8,3450002670288	-0,78027456998825	0,52908325195313	50,595475974572	0
8,3500003814697	-0,77704185247421	0,53375124931335	50,595475974572	0
8,3549995422363	-0,77378123998642	0,53839951753616	50,595475974572	0
8,3599996566772	-0,77049291133881	0,54302787780762	50,595475974572	0
8,3649997711182	-0,76717686653137	0,54763621091843	50,595475974572	0
8,3699998855591	-0,76383304595947	0,55222463607788	50,595475974572	0
8,375	-0,76046192646027	0,55679243803024	50,595475974572	0
8,3800001144409	-0,75706338882446	0,56133991479874	50,595475974572	0
8,3850002288818	-0,75363779067993	0,56586652994156	50,595475974572	0
8,3900003433228	-0,75018483400345	0,57037252187729	50,595475974572	0
8,3950004577637	-0,74670517444611	0,57485729455948	50,595475974572	0
8,3999996185303	-0,74319839477539	0,579321205616	50,595475974572	0
8,4049997329712	-0,73966491222382	0,58376377820969	50,595475974572	0
8,4099998474121	-0,73610508441925	0,58818459510803	50,595475974572	0
8,414999961853	-0,73251867294312	0,59258395433426	50,595475974572	0
8,4200000762939	-0,72890585660934	0,59696155786514	50,595475974572	0
8,4250001907349	-0,72526675462723	0,60131734609604	50,595475974572	0
8,4300003051758	-0,72160184383392	0,60565060377121	50,595475974572	0
8,4350004196167	-0,71791082620621	0,60996186733246	50,595475974572	0
8,4399995803833	-0,7141939997673	0,61425065994263	50,595475974572	0
8,4449996948242	-0,7104514837265	0,61851698160172	50,595475974572	0
8,4499998092651	-0,70668345689774	0,62276047468185	50,595475974572	0
8,4549999237061	-0,70288991928101	0,62698125839233	50,595475974572	0
8,460000038147	-0,69907104969025	0,63117903470993	50,595475974572	0
8,4650001525879	-0,69522726535797	0,63535338640213	50,595475974572	0
8,4700002670288	-0,69135850667953	0,63950437307358	50,595475974572	0
8,4750003814697	-0,68746489286423	0,64363193511963	50,595475974572	0
8,4799995422363	-0,68354642391205	0,64773595333099	50,595475974572	0
8,4849996566772	-0,67960327863693	0,65181624889374	50,595475974572	0
8,4899997711182	-0,67563593387604	0,65587246417999	50,595475974572	0
8,4949998855591	-0,67164409160614	0,65990477800369	50,595475974572	0
8,5	-0,66762840747833	0,66391265392303	50,595475974572	0
8,5050001144409	-0,66358828544617	0,66789638996124	50,595475974572	0
8,5100002288818	-0,6595247387886	0,67185539007187	50,595475974572	0
8,5150003433228	-0,65543729066849	0,67578983306885	50,595475974572	0
8,5200004577637	-0,65132629871368	0,67969954013824	50,595475974572	0
8,5249996185303	-0,64719206094742	0,68358397483826	50,595475974572	0
8,5299997329712	-0,64303427934647	0,68744367361069	50,595475974572	0
8,5349998474121	-0,63885354995728	0,69127804040909	50,595475974572	0
8,539999961853	-0,63464969396591	0,6950871348381	50,595475974572	0
8,5450000762939	-0,63042324781418	0,69887059926987	50,595475974572	0
8,5500001907349	-0,6261739730835	0,70262855291367	50,595475974572	0
8,5550003051758	-0,62190228700638	0,70636063814163	50,595475974572	0
8,5600004196167	-0,61760812997818	0,71006685495377	50,595475974572	0
8,5649995803833	-0,61329191923141	0,71374696493149	50,595475974572	0
8,5699996948242	-0,6089534163475	0,71740108728409	50,595475974572	0
8,5749998092651	-0,60459315776825	0,72102880477905	50,595475974572	0
8,5799999237061	-0,60021162033081	0,72462981939316	50,595475974572	0
8,585000038147	-0,59580779075623	0,72820466756821	50,595475974572	0
8,5900001525879	-0,59138309955597	0,73175245523453	50,595475974572	0
8,5950002670288	-0,58693695068359	0,73527359962463	50,595475974572	0
8,6000003814697	-0,58246976137161	0,73876768350601	50,595475974572	0
8,6049995422363	-0,57798141241074	0,7422348856926	50,595475974572	0
8,6099996566772	-0,57347273826599	0,74567449092865	50,595475974572	0
8,6149997711182	-0,56894320249557	0,74908703565598	50,595475974572	0
8,6199998855591	-0,56439304351807	0,75247222185135	50,595475974572	0
8,625	-0,55982309579849	0,75582951307297	50,595475974572	0
8,6300001144409	-0,55523270368576	0,75915920734406	50,595475974572	0
8,6350002288818	-0,55062210559845	0,76246130466461	50,595475974572	0
8,6400003433228	-0,54599225521088	0,7657350897789	50,595475974572	0
8,6450004577637	-0,54134255647659	0,76898097991943	50,595475974572	0
8,6499996185303	-0,5366735458374	0,7721985578537	50,595475974572	0
8,6549997329712	-0,53198498487473	0,77538806200027	50,595475974572	0
8,6599998474121	-0,52727776765823	0,77854871749878	50,595475974572	0
8,664999961853	-0,52255111932755	0,78168135881424	50,595475974572	0
8,6700000762939	-0,51780611276627	0,78478497266769	50,595475974572	0
8,6750001907349	-0,51304227113724	0,78785991668701	50,595475974572	0
8,6800003051758	-0,50826019048691	0,79090595245361	50,595475974572	0
8,6850004196167	-0,50345969200134	0,7939230799675	50,595475974572	0
8,6899995803833	-0,49864122271538	0,79691106081009	50,595475974572	0
8,6949996948242	-0,49380487203598	0,79986971616745	50,595475974572	0
8,6999998092651	-0,48895081877708	0,80279916524887	50,595475974572	0
8,7049999237061	-0,48407933115959	0,80569905042648	50,595475974572	0
8,710000038147	-0,4791904091835	0,80856943130493	50,595475974572	0
8,7150001525879	-0,47428405284882	0,81141030788422	50,595475974572	0
8,7200002670288	-0,46936100721359	0,81422120332718	50,595475974572	0
8,7250003814697	-0,46442091464996	0,81700247526169	50,595475974572	0
8,7299995422363	-0,45946449041367	0,8197535276413	50,595475974572	0
8,7349996566772	-0,45449137687683	0,82247471809387	50,595475974572	0
8,7399997711182	-0,44950211048126	0,82516568899155	50,595475974572	0
8,7449998855591	-0,44449663162231	0,82782638072968	50,595475974572	0
8,75	-0,43947502970695	0,8304568529129	50,595475974572	0
8,7550001144409	-0,43443801999092	0,83305674791336	50,595475974572	0
8,7600002288818	-0,42938536405563	0,83562606573105	50,595475974572	0
8,7650003433228	-0,42431730031967	0,83816480636597	50,595475974572	0
8,7700004577637	-0,41923397779465	0,84067279100418	50,595475974572	0
8,7749996185303	-0,41413563489914	0,84314996004105	50,595475974572	0
8,7799997329712	-0,40902259945869	0,84559613466263	50,595475974572	0
8,7849998474121	-0,40389510989189	0,84801125526428	50,595475974572	0
8,789999961853	-0,39875289797783	0,85039538145065	50,595475974572	0
8,7950000762939	-0,39359638094902	0,85274833440781	50,595475974572	0
8,8000001907349	-0,38842606544495	0,85506993532181	50,595475974572	0
8,8050003051758	-0,38324171304703	0,85736012458801	50,595475974572	0
8,8100004196167	-0,37804371118546	0,85961896181107	50,595475974572	0
8,8149995803833	-0,37283205986023	0,86184632778168	50,595475974572	0
8,8199996948242	-0,36760726571083	0,86404192447662	50,595475974572	0
8,8249998092651	-0,36236932873726	0,86620593070984	50,595475974572	0
8,8299999237061	-0,3571183681488	0,86833810806274	50,595475974572	0
8,835000038147	-0,35185486078262	0,87043839693069	50,595475974572	0
8,8400001525879	-0,34657862782478	0,87250673770905	50,595475974572	0
8,8450002670288	-0,34129014611244	0,87454319000244	50,595475974572	0
8,8500003814697	-0,33598953485489	0,87654739618301	50,595475974572	0
8,8549995422363	-0,33067694306374	0,87851947546005	50,595475974572	0
8,8599996566772	-0,3253525197506	0,88045942783356	50,595475974572	0
8,8649997711182	-0,32001647353172	0,8823669552803	50,595475974572	0
8,8699998855591	-0,31466913223267	0,88424217700958	50,595475974572	0
8,875	-0,30931067466736	0,88608491420746	50,595475974572	0
8,8800001144409	-0,30394107103348	0,88789516687393	50,595475974572	0
8,8850002288818	-0,29856085777283	0,88967281579971	50,595475974572	0
8,8900003433228	-0,29317000508308	0,89141774177551	50,595475974572	0
8,8950004577637	-0,28776869177818	0,89313006401062	50,595475974572	0
8,8999996185303	-0,28235718607903	0,89480948448181	50,595475974572	0
8,9049997329712	-0,2769356071949	0,89645618200302	50,595475974572	0
8,9099998474121	-0,27150443196297	0,89806985855103	50,595475974572	0
8,914999961853	-0,26606348156929	0,89965063333511	50,595475974572	0
8,9200000762939	-0,26061329245567	0,90119832754135	50,595475974572	0
8,9250001907349	-0,25515380501747	0,90271306037903	50,595475974572	0
8,9300003051758	-0,24968525767326	0,90419459342957	50,595475974572	0
8,9350004196167	-0,24420799314976	0,90564292669296	50,595475974572	0
8,9399995803833	-0,23872198164463	0,90705800056458	50,595475974572	0
8,9449996948242	-0,23322783410549	0,90843963623047	50,595475974572	0
8,9499998092651	-0,22772526741028	0,90978813171387	50,595475974572	0
8,9549999237061	-0,22221490740776	0,9111031293869	50,595475974572	0
8,960000038147	-0,216696575284	0,91238468885422	50,595475974572	0
8,9650001525879	-0,21117064356804	0,91363275051117	50,595475974572	0
8,9700002670288	-0,20563751459122	0,91484719514847	50,595475974572	0
8,9750003814697	-0,20009705424309	0,91602808237076	50,595475974572	0
8,9799995422363	-0,19454969465733	0,91717535257339	50,595475974572	0
8,9849996566772	-0,18899554014206	0,91828882694244	50,595475974572	0
8,9899997711182	-0,18343476951122	0,91936874389648	50,595475974572	0
8,9949998855591	-0,1778676211834	0,92041480541229	50,595475974572	0
9	-0,1722943931818	0,92142707109451	50,595475974572	0
9,0050001144409	-0,16671527922153	0,9224054813385	50,595475974572	0
9,0100002288818	-0,1611302793026	0,92334997653961	50,595475974572	0
9,0150003433228	-0,15553972125053	0,92426061630249	50,595475974572	0
9,0200004577637	-0,14994391798973	0,92513728141785	50,595475974572	0
9,0249996185303	-0,14434292912483	0,92597997188568	50,595475974572	0
9,0299997329712	-0,13873712718487	0,92678862810135	50,595475974572	0
9,0349998474121	-0,13312655687332	0,92756319046021	50,595475974572	0
9,039999961853	-0,12751147150993	0,92830371856689	50,595475974572	0
9,0450000762939	-0,12189193814993	0,92901015281677	50,595475974572	0
9,0500001907349	-0,11626850068569	0,92968243360519	50,595475974572	0
9,0550003051758	-0,11064104735851	0,93032056093216	50,595475974572	0
9,0600004196167	-0,10500999540091	0,93092441558838	50,595475974572	0
9,0649995803833	-0,099375449120998	0,93149423599243	50,595475974572	0
9,0699996948242	-0,093737609684467	0,93202966451645	50,595475974572	0
9,0749998092651	-0,08809681981802	0,93253099918365	50,595475974572	0
9,0799999237061	-0,082453034818172	0,93299788236618	50,595475974572	0
9,085000038147	-0,076806701719761	0,93343061208725	50,595475974572	0
9,0900001525879	-0,071157917380333	0,93382900953293	50,595475974572	0
9,0950002670288	-0,065507002174854	0,93419307470322	50,595475974572	0
9,1000003814697	-0,059853941202164	0,93452280759811	50,595475974572	0
9,1049995422363	-0,054199166595936	0,93481814861298	50,595475974572	0
9,1099996566772	-0,0485426671803	0,93507921695709	50,595475974572	0
9,1149997711182	-0,04288487508893	0,93530583381653	50,595475974572	0
9,1199998855591	-0,037225995212793	0,93549811840057	50,595475974572	0
9,125	-0,031566027551889	0,93565601110458	50,595475974572	0
9,1300001144409	-0,025905501097441	0,93577951192856	50,595475974572	0
9,1350002288818	-0,020244184881449	0,9358686208725	50,595475974572	0
9,1400003433228	-0,014582625590265	0,9359233379364	50,595475974572	0
9,1450004577637	-0,0089209210127592	0,93594360351563	50,595475974572	0
9,1499996185303	-0,0032593922223896	0,93592953681946	50,595475974572	0
9,1549997329712	0,0024019740521908	0,93588101863861	50,595475974572	0
9,1599998474121	0,008062744513154	0,93579804897308	50,595475974572	0
9,164999961853	0,013722820207477	0,93568074703217	50,595475974572	0
9,1700000762939	0,019381988793612	0,93552899360657	50,595475974572	0
9,1750001907349	0,025040157139301	0,93534290790558	50,595475974572	0
9,1800003051758	0,030696775764227	0,93512237071991	50,595475974572	0
9,1850004196167	0,036351971328259	0,93486750125885	50,595475974572	0
9,1899995803833	0,042005203664303	0,9345782995224	50,595475974572	0
9,1949996948242	0,047656700015068	0,93425470590591	50,595475974572	0
9,1999998092651	0,053305808454752	0,93389672040939	50,595475974572	0
9,2049999237061	0,058952767401934	0,93350440263748	50,595475974572	0
9,210000038147	0,06459691375494	0,93307781219482	50,595475974572	0
9,2150001525879	0,070238381624222	0,93261688947678	50,595475974572	0
9,2200002670288	0,075876727700233	0,93212169408798	50,595475974572	0
9,2250003814697	0,081511981785297	0,93159222602844	50,595475974572	0
9,2299995422363	0,087143696844578	0,93102848529816	50,595475974572	0
9,2349996566772	0,092771783471107	0,93043053150177	50,595475974572	0
9,2399997711182	0,098396025598049	0,92979836463928	50,595475974572	0
9,2449998855591	0,10401621460915	0,92913204431534	50,595475974572	0
9,25	0,10963203758001	0,92843157052994	50,595475974572	0
9,2550001144409	0,11524338275194	0,92769688367844	50,595475974572	0
9,2600002288818	0,12085016816854	0,92692810297012	50,595475974572	0
9,2650003433228	0,12645207345486	0,92612534761429	50,595475974572	0
9,2700004577637	0,13204865157604	0,92528849840164	50,595475974572	0
9,2749996185303	0,13764016330242	0,92441755533218	50,595475974572	0
9,2799997329712	0,14322592318058	0,92351269721985	50,595475974572	0
9,2849998474121	0,148805975914	0,92257386445999	50,595475974572	0
9,289999961853	0,15438021719456	0,92160105705261	50,595475974572	0
9,2950000762939	0,1599483191967	0,92059445381165	50,595475974572	0
9,3000001907349	0,16550996899605	0,91955405473709	50,595475974572	0
9,3050003051758	0,17106506228447	0,91847974061966	50,595475974572	0
9,3100004196167	0,17661352455616	0,91737169027328	50,595475974572	0
9,3149995803833	0,18215481936932	0,91623002290726	50,595475974572	0
9,3199996948242	0,18768903613091	0,91505455970764	50,595475974572	0
9,3249998092651	0,19321577250957	0,91384541988373	50,595475974572	0
9,3299999237061	0,19873516261578	0,91260278224945	50,595475974572	0
9,335000038147	0,20424652099609	0,91132658720016	50,595475974572	0
9,3400001525879	0,20975002646446	0,91001683473587	50,595475974572	0
9,3450002670288	0,21524521708488	0,90867376327515	50,595475974572	0
9,3500003814697	0,22073200345039	0,90729719400406	50,595475974572	0
9,3549995422363	0,22621022164822	0,90588736534119	50,595475974572	0
9,3599996566772	0,23167948424816	0,90444421768188	50,595475974572	0
9,3649997711182	0,23713994026184	0,90296769142151	50,595475974572	0
9,3699998855591	0,24259100854397	0,90145814418793	50,595475974572	0
9,375	0,24803276360035	0,89991545677185	50,595475974572	0
9,3800001144409	0,25346478819847	0,89833968877792	50,595475974572	0
9,3850002288818	0,25888708233833	0,89673084020615	50,595475974572	0
9,3900003433228	0,26429921388626	0,89508908987045	50,595475974572	0
9,3950004577637	0,26970115303993	0,89341443777084	50,595475974572	0
9,3999996185303	0,27509266138077	0,89170706272125	50,595475974572	0
9,4049997329712	0,28047367930412	0,88996684551239	50,595475974572	0
9,4099998474121	0,28584372997284	0,88819390535355	50,595475974572	0
9,414999961853	0,29120275378227	0,88638836145401	50,595475974572	0
9,4200000762939	0,29655054211617	0,88455027341843	50,595475974572	0
9,4250001907349	0,30188679695129	0,8826796412468	50,595475974572	0
9,4300003051758	0,30721145868301	0,8807767033577	50,595475974572	0
9,4350004196167	0,31252425909042	0,87884140014648	50,595475974572	0
9,4399995803833	0,31782519817352	0,87687367200851	50,595475974572	0
9,4449996948242	0,32311376929283	0,8748739361763	50,595475974572	0
9,4499998092651	0,3283899128437	0,87284189462662	50,595475974572	0
9,4549999237061	0,33365347981453	0,87077802419662	50,595475974572	0
9,460000038147	0,33890423178673	0,86868208646774	50,595475974572	0
9,4650001525879	0,34414196014404	0,86655420064926	50,595475974572	0
9,4700002670288	0,34936648607254	0,86439448595047	50,595475974572	0
9,4750003814697	0,354577511549	0,8622031211853	50,595475974572	0
9,4799995422363	0,35977506637573	0,85998010635376	50,595475974572	0
9,4849996566772	0,3649588227272	0,85772544145584	50,595475974572	0
9,4899997711182	0,37012851238251	0,85543936491013	50,595475974572	0
9,4949998855591	0,375284075737	0,85312193632126	50,595475974572	0
9,5	0,38042521476746	0,85077315568924	50,595475974572	0
9,5050001144409	0,38555184006691	0,84839314222336	50,595475974572	0
9,5100002288818	0,39066383242607	0,8459820151329	50,595475974572	0
9,5150003433228	0,39576068520546	0,84353995323181	50,595475974572	0
9,5200004577637	0,40084248781204	0,84106683731079	50,595475974572	0
9,5249996185303	0,40590906143188	0,83856290578842	50,595475974572	0
9,5299997329712	0,41096004843712	0,83602821826935	50,595475974572	0
9,5349998474121	0,4159953892231	0,83346283435822	50,595475974572	0
9,539999961853	0,4210147857666	0,8308669924736	50,595475974572	0
9,5450000762939	0,42601817846298	0,82824057340622	50,595475974572	0
9,5500001907349	0,43100520968437	0,82558381557465	50,595475974572	0
9,5550003051758	0,43597581982613	0,82289683818817	50,595475974572	0
9,5600004196167	0,44092983007431	0,82017970085144	50,595475974572	0
9,5649995803833	0,44586703181267	0,8174324631691	50,595475974572	0
9,5699996948242	0,45078733563423	0,81465524435043	50,595475974572	0
9,5749998092651	0,45569041371346	0,81184828281403	50,595475974572	0
9,5799999237061	0,46057614684105	0,80901145935059	50,595475974572	0
9,585000038147	0,46544435620308	0,80614513158798	50,595475974572	0
9,5900001525879	0,470294713974	0,80324918031693	50,595475974572	0
9,5950002670288	0,47512727975845	0,80032378435135	50,595475974572	0
9,6000003814697	0,47994178533554	0,79736912250519	50,595475974572	0
9,6049995422363	0,48473793268204	0,79438531398773	50,595475974572	0
9,6099996566772	0,48951569199562	0,79137235879898	50,595475974572	0
9,6149997711182	0,49427482485771	0,78833043575287	50,595475974572	0
9,6199998855591	0,49901536107063	0,78525966405869	50,595475974572	0
9,625	0,50373667478561	0,78216016292572	50,595475974572	0
9,6300001144409	0,50843912363052	0,77903193235397	50,595475974572	0
9,6350002288818	0,51312172412872	0,77587556838989	50,595475974572	0
9,6400003433228	0,51778531074524	0,77269041538239	50,595475974572	0
9,6450004577637	0,52242910861969	0,76947712898254	50,595475974572	0
9,6499996185303	0,52705335617065	0,76623564958572	50,595475974572	0
9,6549997329712	0,53165692090988	0,76296639442444	50,595475974572	0
9,6599998474121	0,53624093532562	0,75966894626617	50,595475974572	0
9,664999961853	0,54080438613892	0,75634390115738	50,595475974572	0
9,6700000762939	0,54534757137299	0,75299096107483	50,595475974572	0
9,6750001907349	0,54986983537674	0,74961066246033	50,595475974572	0
9,6800003051758	0,55437111854553	0,74620312452316	50,595475974572	0
9,6850004196167	0,55885148048401	0,7427681684494	50,595475974572	0
9,6899995803833	0,56331098079681	0,73930597305298	50,595475974572	0
9,6949996948242	0,56774884462357	0,73581689596176	50,595475974572	0
9,6999998092651	0,57216501235962	0,73230105638504	50,595475974572	0
9,7049999237061	0,57656008005142	0,72875809669495	50,595475974572	0
9,710000038147	0,58093279600143	0,72518891096115	50,595475974572	0
9,7150001525879	0,58528339862823	0,72159337997437	50,595475974572	0
9,7200002670288	0,58961230516434	0,71797114610672	50,595475974572	0
9,7250003814697	0,59391868114471	0,71432280540466	50,595475974572	0
9,7299995422363	0,59820282459259	0,71064829826355	50,595475974572	0
9,7349996566772	0,60246413946152	0,70694798231125	50,595475974572	0
9,7399997711182	0,60670250654221	0,70322203636169	50,595475974572	0
9,7449998855591	0,61091810464859	0,6994703412056	50,595475974572	0
9,75	0,61511069536209	0,6956929564476	50,595475974572	0
9,7550001144409	0,61927992105484	0,69189035892487	50,595475974572	0
9,7600002288818	0,62342554330826	0,68806266784668	50,595475974572	0
9,7650003433228	0,62754780054092	0,6842098236084	50,595475974572	0
9,7700004577637	0,63164645433426	0,68033182621002	50,595475974572	0
9,7749996185303	0,63572108745575	0,676429271698	50,595475974572	0
9,7799997329712	0,63977152109146	0,67250227928162	50,595475974572	0
9,7849998474121	0,64379805326462	0,6685506105423	50,595475974572	0
9,789999961853	0,64780032634735	0,66457438468933	50,595475974572	0
9,7950000762939	0,65177798271179	0,66057419776917	50,595475974572	0
9,8000001907349	0,65573108196259	0,65654987096786	50,595475974572	0
9,8050003051758	0,65965938568115	0,6525017619133	50,595475974572	0
9,8100004196167	0,66356289386749	0,64842981100082	50,595475974572	0
9,8149995803833	0,66744118928909	0,64433431625366	50,595475974572	0
9,8199996948242	0,67129445075989	0,64021545648575	50,595475974572	0
9,8249998092651	0,67512226104736	0,63607329130173	50,595475974572	0
9,8299999237061	0,67892473936081	0,63190799951553	50,595475974572	0
9,835000038147	0,682701587677	0,62771981954575	50,595475974572	0
9,8400001525879	0,68645262718201	0,62350875139236	50,595475974572	0
9,8450002670288	0,69017779827118	0,61927497386932	50,595475974572	0
9,8500003814697	0,69387698173523	0,61501878499985	50,595475974572	0
9,8549995422363	0,69754999876022	0,61074030399323	50,595475974572	0
9,8599996566772	0,70119673013687	0,60643965005875	50,595475974572	0
9,8649997711182	0,70481699705124	0,6021169424057	50,595475974572	0
9,8699998855591	0,70841079950333	0,59777241945267	50,595475974572	0
9,875	0,71197783946991	0,59340614080429	50,595475974572	0
9,8800001144409	0,71551805734634	0,58901852369308	50,595475974572	0
9,8850002288818	0,71903133392334	0,58460944890976	50,595475974572	0
9,8900003433228	0,72251760959625	0,58017915487289	50,595475974572	0
9,8950004577637	0,72597658634186	0,57572788000107	50,595475974572	0
9,8999996185303	0,7294083237648	0,57125574350357	50,595475974572	0
9,9049997329712	0,73281252384186	0,56676292419434	50,595475974572	0
9,9099998474121	0,73618912696838	0,5622496008873	50,595475974572	0
9,914999961853	0,73953813314438	0,55771589279175	50,595475974572	0
9,9200000762939	0,74285918474197	0,55316203832626	50,595475974572	0
9,9250001907349	0,74615240097046	0,54858815670013	50,595475974572	0
9,9300003051758	0,74941742420197	0,54399448633194	50,595475974572	0
9,9350004196167	0,75265443325043	0,53938102722168	50,595475974572	0
9,9399995803833	0,75586295127869	0,53474819660187	50,595475974572	0
9,9449996948242	0,75904315710068	0,53009605407715	50,595475974572	0
9,9499998092651	0,76219481229782	0,52542465925217	50,595475974572	0
9,9549999237061	0,76531779766083	0,52073431015015	50,595475974572	0
9,960000038147	0,76841205358505	0,51602524518967	50,595475974572	0
9,9650001525879	0,77147740125656	0,51129746437073	50,595475974572	0
9,9700002670288	0,77451372146606	0,50655126571655	50,595475974572	0
9,9750003814697	0,77752101421356	0,50178682804108	50,595475974572	0
9,9799995422363	0,78049904108047	0,49700433015823	50,595475974572	0
9,9849996566772	0,78344768285751	0,49220383167267	50,595475974572	0
9,9899997711182	0,78636699914932	0,48738566040993	50,595475974572	0
9,9949998855591	0,78925675153732	0,48254990577698	50,595475974572	0
10	0,79211688041687	0,47769677639008	50,595475974572	0
