#
#"Frequency / GHz"	"S1,2 [Real/Imaginary Part] [Re]"	"S1,2 [Real/Imaginary Part] [Im]"
#-------------------------------------------------------------------------------------
5.0000000000000	-0.021970728617627	0.057933715141566
5.0050000000000	-0.021646837678923	0.058121081434928
5.0100000000000	-0.021321491136401	0.058306629085989
5.0150000000000	-0.020994737066817	0.058490380065378
5.0200000000000	-0.020666518901094	0.058672304793068
5.0250000000000	-0.020336874702068	0.058852384189858
5.0300000000000	-0.020005774513172	0.059030582508008
5.0350000000000	-0.019673349184468	0.059206952980671
5.0400000000000	-0.019339482005477	0.059381507143340
5.0450000000000	-0.019004212576216	0.059554107504954
5.0500000000000	-0.018667589086515	0.059724884013513
5.0550000000000	-0.018329605351992	0.059893651021390
5.0600000000000	-0.017990247404885	0.060060630499283
5.0650000000000	-0.017649526202940	0.060225618097106
5.0700000000000	-0.017307495279628	0.060388730941248
5.0750000000000	-0.016964149185597	0.060549800057919
5.0800000000000	-0.016619533274982	0.060709044906688
5.0850000000000	-0.016273566792996	0.060866258688746
5.0900000000000	-0.015926307760147	0.061021573359300
5.0950000000000	-0.015577799294111	0.061174760615096
5.1000000000000	-0.015227969959555	0.061326091464950
5.1050000000000	-0.014876949136627	0.061475404655024
5.1100000000000	-0.014524646880593	0.061622673046722
5.1150000000000	-0.014171115858233	0.061767906714406
5.1200000000000	-0.013816380153703	0.061911159048954
5.1250000000000	-0.013460408963295	0.062052386761111
5.1300000000000	-0.013103240457731	0.062191537341743
5.1350000000000	-0.012744919586656	0.062328615258973
5.1400000000000	-0.012385438735007	0.062463664316085
5.1450000000000	-0.012024767949789	0.062596639900753
5.1500000000000	-0.011662915931264	0.062727508318021
5.1550000000000	-0.011299962496302	0.062856286517894
5.1600000000000	-0.010935926915280	0.062983016546075
5.1650000000000	-0.010570709272296	0.063107561468665
5.1700000000000	-0.010204396989603	0.063229994469657
5.1750000000000	-0.0098370091337783	0.063350350731582
5.1800000000000	-0.0094685412253295	0.063468534626320
5.1850000000000	-0.0090990174719489	0.063584591345443
5.1900000000000	-0.0087284485109609	0.063698482841218
5.1950000000000	-0.0083567842412355	0.063810256145079
5.2000000000000	-0.0079841854740580	0.063919807109742
5.2050000000000	-0.0076104871608651	0.064027200719743
5.2100000000000	-0.0072358225304960	0.064132398989210
5.2150000000000	-0.0068601721338022	0.064235392716861
5.2200000000000	-0.0064835821178978	0.064336151869163
5.2250000000000	-0.0061059494735812	0.064434824119115
5.2300000000000	-0.0057274236825805	0.064531158933206
5.2350000000000	-0.0053479108600354	0.064625332139554
5.2400000000000	-0.0049675343420028	0.064717169916579
5.2450000000000	-0.0045862252877332	0.064806856594768
5.2500000000000	-0.0042039922358123	0.064894253713296
5.2550000000000	-0.0038209113749891	0.064979419666184
5.2600000000000	-0.0034369372432558	0.065062359252685
5.2650000000000	-0.0030521690397064	0.065142979695343
5.2700000000000	-0.0026664699560078	0.065221334821604
5.2750000000000	-0.0022799431024706	0.065297390888971
5.2800000000000	-0.0018926691626589	0.065371115271114
5.2850000000000	-0.0015045982722691	0.065442624861215
5.2900000000000	-0.0011156783498012	0.065511794842748
5.2950000000000	-0.00072595434042450	0.065578603172770
5.3000000000000	-0.00033550801944035	0.065643173935663
5.3050000000000	5.5650152952638e-05	0.065705285889837
5.3100000000000	0.00044760279482023	0.065765169039166
5.3150000000000	0.00084027055228821	0.065822724803894
5.3200000000000	0.0012336397998644	0.065877924776547
5.3250000000000	0.0016276310907073	0.065930726481261
5.3300000000000	0.0020223598792496	0.065981164893489
5.3350000000000	0.0024177457841992	0.066029196607940
5.3400000000000	0.0028137792551781	0.066074929986888
5.3450000000000	0.0032104447542761	0.066118320511907
5.3500000000000	0.0036077206460050	0.066159206965027
5.3550000000000	0.0040056689309327	0.066197822905412
5.3600000000000	0.0044041719954287	0.066234015759868
5.3650000000000	0.0048032112995687	0.066267752460049
5.3700000000000	0.0052028443746046	0.066299115307887
5.3750000000000	0.0056030166857516	0.066328011984209
5.3800000000000	0.0060037893241408	0.066354557848562
5.3850000000000	0.0064050060959087	0.066378623765919
5.3900000000000	0.0068067331027836	0.066400348300896
5.3950000000000	0.0072089682548742	0.066419557171685
5.4000000000000	0.0076116747458018	0.066436331008211
5.4050000000000	0.0080148415408743	0.066450693363402
5.4100000000000	0.0084184421606033	0.066462569955920
5.4150000000000	0.0088225357860965	0.066471992149300
5.4200000000000	0.0092269864169840	0.066479027697401
5.4250000000000	0.0096318847923347	0.066483509730503
5.4300000000000	0.010037072501456	0.066485571740483
5.4350000000000	0.010442724424884	0.066485154791003
5.4400000000000	0.010848692251435	0.066482247697729
5.4450000000000	0.011255021215524	0.066476812622695
5.4500000000000	0.011661652166767	0.066468984970348
5.4550000000000	0.012068643026631	0.066458598315993
5.4600000000000	0.012475905683252	0.066445791106089
5.4650000000000	0.012883425958342	0.066430394890134
5.4700000000000	0.013291181311850	0.066412555537680
5.4750000000000	0.013699254043439	0.066392228659842
5.4800000000000	0.014107536081271	0.066369308666764
5.4850000000000	0.014516044003574	0.066343936550198
5.4900000000000	0.014924708389612	0.066316013410031
5.4950000000000	0.015333627687111	0.066285591537884
5.5000000000000	0.015742682973141	0.066252659626557
5.5050000000000	0.016151921501832	0.066217197052888
5.5100000000000	0.016561266372936	0.066179217481816
5.5150000000000	0.016970724567110	0.066138685139433
5.5200000000000	0.017380345321067	0.066095585892505
5.5250000000000	0.017790028274709	0.066049977596050
5.5300000000000	0.018199834942015	0.066001880090432
5.5350000000000	0.018609593750202	0.065951123252637
5.5400000000000	0.019019514381726	0.065897877940030
5.5450000000000	0.019429409529139	0.065842140773419
5.5500000000000	0.019839372555620	0.065783821594018
5.5550000000000	0.020249253671565	0.065722927984789
5.5600000000000	0.020659139805491	0.065659459869716
5.5650000000000	0.021069037987644	0.065593482410960
5.5700000000000	0.021478855342024	0.065524966039708
5.5750000000000	0.021888605634799	0.065453802760475
5.5800000000000	0.022298266830009	0.065380165883235
5.5850000000000	0.022707883435838	0.065303928986424
5.5900000000000	0.023117369978853	0.065225095950595
5.5950000000000	0.023526668541131	0.065143738345888
5.6000000000000	0.023935865111379	0.065059757212067
5.6050000000000	0.024344926358374	0.064973288174615
5.6100000000000	0.024753763208806	0.064884233103451
5.6150000000000	0.025162417840150	0.064792554217719
5.6200000000000	0.025570865544852	0.064698328805513
5.6250000000000	0.025979126529159	0.064601550049084
5.6300000000000	0.026387138470140	0.064502190561124
5.6350000000000	0.026794870693919	0.064400221751687
5.6400000000000	0.027202310101698	0.064295727718634
5.6450000000000	0.027609480382236	0.064188641648335
5.6500000000000	0.028016330921830	0.064078962045002
5.6550000000000	0.028422906468108	0.063966741246400
5.6600000000000	0.028829054019893	0.063851846873480
5.6650000000000	0.029234921794746	0.063734551254271
5.6700000000000	0.029640392338529	0.063614557439710
5.6750000000000	0.030045488186821	0.063492031417741
5.6800000000000	0.030450144088480	0.063366943757309
5.6850000000000	0.030854422283297	0.063239149912050
5.6900000000000	0.031258253314388	0.063108930880806
5.6950000000000	0.031661661057736	0.062976054731792
5.7000000000000	0.032064511930459	0.062840670663417
5.7050000000000	0.032466944205313	0.062702707252769
5.7100000000000	0.032868870780045	0.062562113494036
5.7150000000000	0.033270255824268	0.062418983583390
5.7200000000000	0.033671120757790	0.062273325533402
5.7250000000000	0.034071437097095	0.062125043941813
5.7300000000000	0.034471192905344	0.061974222274497
5.7350000000000	0.034870384542041	0.061820812766748
5.7400000000000	0.035268884539414	0.061664899985922
5.7450000000000	0.035666827482825	0.061506402525438
5.7500000000000	0.036064155766162	0.061345318087625
5.7550000000000	0.036460840701867	0.061181700663406
5.7600000000000	0.036856838685237	0.061015503047772
5.7650000000000	0.037252139296625	0.060846738856712
5.7700000000000	0.037646732723854	0.060675485700865
5.7750000000000	0.038040651938860	0.060501631248312
5.7800000000000	0.038433836166162	0.060325231213323
5.7850000000000	0.038826241477199	0.060146314217079
5.7900000000000	0.039217876487080	0.059964795033115
5.7950000000000	0.039608789861751	0.059780837441445
5.8000000000000	0.039998858182372	0.059594282042921
5.8050000000000	0.040388116576686	0.059405206265011
5.8100000000000	0.040776519573610	0.059213577988832
5.8150000000000	0.041164100285770	0.059019407071720
5.8200000000000	0.041550891147870	0.058822818031651
5.8250000000000	0.041936715696620	0.058623604123326
5.8300000000000	0.042321659587122	0.058421898895500
5.8350000000000	0.042705689605434	0.058217691101175
5.8400000000000	0.043088791621278	0.058010978689771
5.8450000000000	0.043470958894550	0.057801786016918
5.8500000000000	0.043852159101607	0.057590034000177
5.8550000000000	0.044232438193735	0.057375865045988
5.8600000000000	0.044611679799784	0.057159095465682
5.8650000000000	0.044989848984460	0.056939885720722
5.8700000000000	0.045367129336055	0.056718251305902
5.8750000000000	0.045743268412403	0.056494077915782
5.8800000000000	0.046118374486289	0.056267358017936
5.8850000000000	0.046492409787688	0.056038291917158
5.8900000000000	0.046865339268932	0.055806694738219
5.8950000000000	0.047237202941999	0.055572635323212
5.9000000000000	0.047607921047348	0.055336152351211
5.9050000000000	0.047977507032841	0.055097187550971
5.9100000000000	0.048345838266351	0.054855773475915
5.9150000000000	0.048713125007401	0.054611960159925
5.9200000000000	0.049079223669746	0.054365666663575
5.9250000000000	0.049444101088368	0.054116982422067
5.9300000000000	0.049807728177602	0.053865846643703
5.9350000000000	0.050170111820291	0.053612240572309
5.9400000000000	0.050531259418441	0.053356244267540
5.9450000000000	0.050891166770993	0.053097875522251
5.9500000000000	0.051249771723021	0.052837144523162
5.9550000000000	0.051607114392786	0.052573960803088
5.9600000000000	0.051963120351128	0.052308417955157
5.9650000000000	0.052317738117154	0.052040397310881
5.9700000000000	0.052671063430994	0.051770111194707
5.9750000000000	0.053023011422774	0.051497399464766
5.9800000000000	0.053373620140025	0.051222363409294
5.9850000000000	0.053722832493375	0.050944926050207
5.9900000000000	0.054070537330983	0.050665156640234
5.9950000000000	0.054416909714001	0.050383039075489
6.0000000000000	0.054761830233182	0.050098576233602
6.0050000000000	0.055105301315860	0.049811802719813
6.0100000000000	0.055447274729701	0.049522693361720
6.0150000000000	0.055787812336934	0.049231316985604
6.0200000000000	0.056126814802499	0.048937614902204
6.0250000000000	0.056464303829521	0.048641572913342
6.0300000000000	0.056800223514911	0.048343267367241
6.0350000000000	0.057134636613640	0.048042671104369
6.0400000000000	0.057467472399924	0.047739751181632
6.0450000000000	0.057798685615910	0.047434621200549
6.0500000000000	0.058128380741160	0.047127210147012
6.0550000000000	0.058456357519051	0.046817566701751
6.0600000000000	0.058782782074334	0.046505645591130
6.0650000000000	0.059107626674724	0.046191495141174
6.0700000000000	0.059430772564425	0.045875143067122
6.0750000000000	0.059752210356232	0.045556590399309
6.0800000000000	0.060071983855391	0.045235806853318
6.0850000000000	0.060390087044582	0.044912803212222
6.0900000000000	0.060706467325876	0.044587616056799
6.0950000000000	0.061021025095485	0.044260225652037
6.1000000000000	0.061333968733832	0.043930668700000
6.1050000000000	0.061645132211458	0.043598986074571
6.1100000000000	0.061954433554441	0.043265092708003
6.1150000000000	0.062261972050988	0.042929079027916
6.1200000000000	0.062567811979641	0.042590918893510
6.1250000000000	0.062871747788079	0.042250620815126
6.1300000000000	0.063173846527628	0.041908212096827
6.1350000000000	0.063474115123935	0.041563712482260
6.1400000000000	0.063772533766948	0.041217171101610
6.1450000000000	0.064069043589892	0.040868399357888
6.1500000000000	0.064363699606808	0.040517657225306
6.1550000000000	0.064656423230319	0.040164800769676
6.1600000000000	0.064947185938483	0.039809869098652
6.1650000000000	0.065236120007030	0.039452956175071
6.1700000000000	0.065523079030192	0.039093948679487
6.1750000000000	0.065808028419036	0.038732940158526
6.1800000000000	0.066091032148900	0.038369898528799
6.1850000000000	0.066372000072300	0.038004868787235
6.1900000000000	0.066651078698377	0.037637835423707
6.1950000000000	0.066928061663288	0.037268779840029
6.2000000000000	0.067202970523258	0.036897814933206
6.2050000000000	0.067475910815074	0.036524857669533
6.2100000000000	0.067746806446596	0.036149955614927
6.2150000000000	0.068015596616207	0.035773111248993
6.2200000000000	0.068282221116646	0.035394338853349
6.2250000000000	0.068546877158436	0.035013686893877
6.2300000000000	0.068809335766247	0.034631047938985
6.2350000000000	0.069069678864700	0.034246526381462
6.2400000000000	0.069327860762054	0.033860168174519
6.2450000000000	0.069583962417327	0.033471932933077
6.2500000000000	0.069837883454108	0.033081838877231
6.2550000000000	0.070089670506629	0.032689889721751
6.2600000000000	0.070339223991536	0.032296130360030
6.2650000000000	0.070586507478097	0.031900524787946
6.2700000000000	0.070831639268164	0.031503104929631
6.2750000000000	0.071074480347723	0.031103912834282
6.2800000000000	0.071315199912769	0.030702909241919
6.2850000000000	0.071553548677643	0.030300140609541
6.2900000000000	0.071789695296047	0.029895638716696
6.2950000000000	0.072023461233598	0.029489315848050
6.3000000000000	0.072255086301999	0.029081327545923
6.3050000000000	0.072484283313778	0.028671617489804
6.3100000000000	0.072711242933131	0.028260155208681
6.3150000000000	0.072935829684543	0.027847027746599
6.3200000000000	0.073158090828763	0.027432233176561
6.3250000000000	0.073377952211352	0.027015754541467
6.3300000000000	0.073595490981138	0.026597566735744
6.3350000000000	0.073810620443487	0.026177813354089
6.3400000000000	0.074023415099024	0.025756378973782
6.3450000000000	0.074233781920854	0.025333404872683
6.3500000000000	0.074441728918989	0.024908750151173
6.3550000000000	0.074647254705421	0.024482520907946
6.3600000000000	0.074850343726059	0.024054726533820
6.3650000000000	0.075050919938673	0.023625431613706
6.3700000000000	0.075249070943603	0.023194496043746
6.3750000000000	0.075444819229710	0.022762093945914
6.3800000000000	0.075638075835506	0.022328131421798
6.3850000000000	0.075828793892722	0.021892669077320
6.3900000000000	0.076016957878374	0.021455781665586
6.3950000000000	0.076202670245283	0.021017331657824
6.4000000000000	0.076385826566989	0.020577414581110
6.4050000000000	0.076566510935538	0.020136118871408
6.4100000000000	0.076744624561167	0.019693389416023
6.4150000000000	0.076920136538003	0.019249245154611
6.4200000000000	0.077093079028128	0.018803659824359
6.4250000000000	0.077263493845031	0.018356706781857
6.4300000000000	0.077431250476011	0.017908414168746
6.4350000000000	0.077596409319550	0.017458659821957
6.4400000000000	0.077759034809804	0.017007658103339
6.4450000000000	0.077918989854053	0.016555249032174
6.4500000000000	0.078076356693199	0.016101698895200
6.4550000000000	0.078230992741551	0.015646693395412
6.4600000000000	0.078382980631043	0.015190407922323
6.4650000000000	0.078532411332454	0.014732921949851
6.4700000000000	0.078679091622100	0.014274217222401
6.4750000000000	0.078823127118793	0.013814173024928
6.4800000000000	0.078964415728628	0.013352949853843
6.4850000000000	0.079103016267830	0.012890529214622
6.4900000000000	0.079239009637828	0.012427024029681
6.4950000000000	0.079372123234510	0.011962212133400
6.5000000000000	0.079502595788658	0.011496265850578
6.5050000000000	0.079630386548134	0.011029192648780
6.5100000000000	0.079755353450119	0.010560955122401
6.5150000000000	0.079877558087798	0.010091725601018
6.5200000000000	0.079997088347662	0.0096213110449216
6.5250000000000	0.080113801232327	0.0091498634823941
6.5300000000000	0.080227624822488	0.0086773143090531
6.5350000000000	0.080338710788310	0.0082037775631208
6.5400000000000	0.080447049094527	0.0077291780091718
6.5450000000000	0.080552624887653	0.0072535462957170
6.5500000000000	0.080655294911941	0.0067769627748552
6.5550000000000	0.080755233006909	0.0062994095722324
6.5600000000000	0.080852197133071	0.0058209024361212
6.5650000000000	0.080946513031972	0.0053414253044673
6.5700000000000	0.081037925996283	0.0048609929242784
6.5750000000000	0.081126425732923	0.0043797268790140
6.5800000000000	0.081211969978203	0.0038975419757368
6.5850000000000	0.081294776834001	0.0034144469861859
6.5900000000000	0.081374694638419	0.0029305475113373
6.5950000000000	0.081451716908744	0.0024457703730014
6.6000000000000	0.081525833187039	0.0019602143704122
6.6050000000000	0.081597085746591	0.0014737873874128
6.6100000000000	0.081665415253156	0.00098661159333875
6.6150000000000	0.081730820643664	0.00049871281068425
6.6200000000000	0.081793378835034	9.9512303882971e-06
6.6250000000000	0.081852901520522	-0.00047950295214498
6.6300000000000	0.081909565370743	-0.00096967182400763
6.6350000000000	0.081963172910581	-0.0014605293151631
6.6400000000000	0.082013954395052	-0.0019520284853749
6.6450000000000	0.082061759264186	-0.0024442582877423
6.6500000000000	0.082106584374167	-0.0029371414307647
6.6550000000000	0.082148508519154	-0.0034306799413586
6.6600000000000	0.082187394756480	-0.0039247037055054
6.6650000000000	0.082223361821300	-0.0044194423148301
6.6700000000000	0.082256322712719	-0.0049147057870063
6.6750000000000	0.082286169160192	-0.0054105527588076
6.6800000000000	0.082313227441722	-0.0059069077569992
6.6850000000000	0.082337162109640	-0.0064038156280627
6.6900000000000	0.082358148576876	-0.0069012205201642
6.6950000000000	0.082376086626562	-0.0073991405793627
6.7000000000000	0.082391080289771	-0.0078974481889790
6.7050000000000	0.082403008443465	-0.0083962724071332
6.7100000000000	0.082411870940352	-0.0088954855027735
6.7150000000000	0.082417809821137	-0.0093951504723264
6.7200000000000	0.082420629168285	-0.0098951507130775
6.7250000000000	0.082420358635024	-0.010395640146989
6.7300000000000	0.082417197021355	-0.010896416395782
6.7350000000000	0.082410895381069	-0.011397510616407
6.7400000000000	0.082401495521549	-0.011898957700557
6.7450000000000	0.082389137781555	-0.012400709250022
6.7500000000000	0.082373715934499	-0.012902702477114
6.7550000000000	0.082355179053990	-0.013405019254807
6.7600000000000	0.082333612591317	-0.013907631329170
6.7650000000000	0.082308994862884	-0.014410335217519
6.7700000000000	0.082281190514786	-0.014913268318475
6.7750000000000	0.082250432589127	-0.015416483502116
6.7800000000000	0.082216502823214	-0.015919810089862
6.7850000000000	0.082179581249788	-0.016423259228125
6.7900000000000	0.082139542850347	-0.016926903139453
6.7950000000000	0.082096370622934	-0.017430611803018
6.8000000000000	0.082050127423438	-0.017934497988086
6.8050000000000	0.082000790813746	-0.018438365992945
6.8100000000000	0.081948416949861	-0.018942385181036
6.8150000000000	0.081892843896066	-0.019446362219360
6.8200000000000	0.081834239656804	-0.019950417694517
6.8250000000000	0.081772515584538	-0.020454421060899
6.8300000000000	0.081707664506061	-0.020958435598852
6.8350000000000	0.081639635638163	-0.021462384166701
6.8400000000000	0.081568619410799	-0.021966305108100
6.8450000000000	0.081494511755833	-0.022470147069827
6.8500000000000	0.081417169458285	-0.022973892981985
6.8550000000000	0.081336786367231	-0.023477497724396
6.8600000000000	0.081253250709317	-0.023980992849449
6.8650000000000	0.081166537598225	-0.024484263091250
6.8700000000000	0.081076859788635	-0.024987449336283
6.8750000000000	0.080983864194859	-0.025490462817039
6.8800000000000	0.080887929423650	-0.025993225004590
6.8850000000000	0.080788771253884	-0.026495800796870
6.8900000000000	0.080686540430558	-0.026998006348376
6.8950000000000	0.080581181962467	-0.027500028793802
6.9000000000000	0.080472709914111	-0.028001752087568
6.9050000000000	0.080361024655760	-0.028503168999722
6.9100000000000	0.080246266051061	-0.029004269956009
6.9150000000000	0.080128410128118	-0.029504990561510
6.9200000000000	0.080007367926205	-0.030005392941366
6.9250000000000	0.079883280951854	-0.030505353224446
6.9300000000000	0.079756036974815	-0.031004877312742
6.9350000000000	0.079625682511355	-0.031504070475418
6.9400000000000	0.079492128382110	-0.032002780962732
6.9450000000000	0.079355500675221	-0.032501033958341
6.9500000000000	0.079215752786083	-0.032998801564023
6.9550000000000	0.079072889371201	-0.033496053047422
6.9600000000000	0.078926951136736	-0.033992802983909
6.9650000000000	0.078777726033396	-0.034489016455606
6.9700000000000	0.078625551860175	-0.034984638534681
6.9750000000000	0.078470213585545	-0.035479657673733
6.9800000000000	0.078311729798442	-0.035974143743178
6.9850000000000	0.078150205982081	-0.036467944423160
6.9900000000000	0.077985397323253	-0.036961096674660
6.9950000000000	0.077817691891814	-0.037453602700276
7.0000000000000	0.077646794398787	-0.037945472407358
7.0050000000000	0.077472735020979	-0.038436604092163
7.0100000000000	0.077295573340690	-0.038927102995591
7.0150000000000	0.077115427903225	-0.039416731615587
7.0200000000000	0.076932002480203	-0.039905683363141
7.0250000000000	0.076745650221599	-0.040393848719319
7.0300000000000	0.076556105318430	-0.040881246799898
7.0350000000000	0.076363534413805	-0.041367668134323
7.0400000000000	0.076167835772374	-0.041853413102657
7.0450000000000	0.075969035344426	-0.042338282961165
7.0500000000000	0.075767226226007	-0.042822223725699
7.0550000000000	0.075562237147055	-0.043305289309939
7.0600000000000	0.075354285892782	-0.043787499423255
7.0650000000000	0.075143172525530	-0.044268714738524
7.0700000000000	0.074929011246352	-0.044748977296295
7.0750000000000	0.074711803231121	-0.045228275053849
7.0800000000000	0.074491529306827	-0.045706563442173
7.0850000000000	0.074268135356953	-0.046183888486407
7.0900000000000	0.074041708637043	-0.046660193652401
7.0950000000000	0.073812387273058	-0.047135330161286
7.1000000000000	0.073579874973884	-0.047609499206858
7.1050000000000	0.073344379873643	-0.048082597749056
7.1100000000000	0.073105751804427	-0.048554520516844
7.1150000000000	0.072864201106469	-0.049025266937705
7.1200000000000	0.072619593930012	-0.049494943914443
7.1250000000000	0.072371986503598	-0.049963449240211
7.1300000000000	0.072121288043646	-0.050430814626177
7.1350000000000	0.071867651427219	-0.050896905683975
7.1400000000000	0.071611024910828	-0.051361778764488
7.1450000000000	0.071351371612405	-0.051825377429631
7.1500000000000	0.071088692730556	-0.052287781506477
7.1550000000000	0.070823081306995	-0.052748925249275
7.1600000000000	0.070554506911665	-0.053208672769651
7.1650000000000	0.070282926686109	-0.053667062872604
7.1700000000000	0.070008379978114	-0.054124212432052
7.1750000000000	0.069730796852813	-0.054580044496996
7.1800000000000	0.069450356767573	-0.055034341745751
7.1850000000000	0.069166974127332	-0.055487352863575
7.1900000000000	0.068880616276045	-0.055938907314223
7.1950000000000	0.068591329212659	-0.056389020791313
7.2000000000000	0.068299020548186	-0.056837698018241
7.2050000000000	0.068003932352187	-0.057284904238009
7.2100000000000	0.067705807032255	-0.057730614617037
7.2150000000000	0.067404884213200	-0.058174896622453
7.2200000000000	0.067101010246954	-0.058617480006072
7.2250000000000	0.066794189812081	-0.059058565380725
7.2300000000000	0.066484567072288	-0.059498149588781
7.2350000000000	0.066172025096880	-0.059936096691780
7.2400000000000	0.065856746289685	-0.060372442631947
7.2450000000000	0.065538472609150	-0.060807133188504
7.2500000000000	0.065217299476378	-0.061240246337339
7.2550000000000	0.064893325705495	-0.061671616198552
7.2600000000000	0.064566534402943	-0.062101425632975
7.2650000000000	0.064236967035221	-0.062529452957970
7.2700000000000	0.063904544933430	-0.062955729593187
7.2750000000000	0.063569254211726	-0.063380311974799
7.2800000000000	0.063231220743518	-0.063803196290677
7.2850000000000	0.062890417874694	-0.064224188096471
7.2900000000000	0.062546800758592	-0.064643480555674
7.2950000000000	0.062200307751929	-0.065060957509774
7.3000000000000	0.061851138676948	-0.065476576704461
7.3050000000000	0.061499339642869	-0.065890338799762
7.3100000000000	0.061144596066117	-0.066302272577992
7.3150000000000	0.060787196178341	-0.066712267899222
7.3200000000000	0.060427045860653	-0.067120451071554
7.3250000000000	0.060064219583385	-0.067526623290968
7.3300000000000	0.059698658941610	-0.067930953796816
7.3350000000000	0.059330449550524	-0.068333237813319
7.3400000000000	0.058959511834196	-0.068733620417283
7.3450000000000	0.058585924077929	-0.069131889590532
7.3500000000000	0.058209594767743	-0.069528328170609
7.3550000000000	0.057830629136751	-0.069922614210535
7.3600000000000	0.057449067059179	-0.070314899597178
7.3650000000000	0.057064836147464	-0.070705070771330
7.3700000000000	0.056678067883890	-0.071093261633434
7.3750000000000	0.056288577073996	-0.071479341474393
7.3800000000000	0.055896566686513	-0.071863256307884
7.3850000000000	0.055501918689973	-0.072245107580594
7.3900000000000	0.055104747326088	-0.072624725900164
7.3950000000000	0.054704959553846	-0.073002244064351
7.4000000000000	0.054302604363073	-0.073377560404878
7.4050000000000	0.053897749316898	-0.073750711111768
7.4100000000000	0.053490383718446	-0.074121505138934
7.4150000000000	0.053080444073846	-0.074490286031164
7.4200000000000	0.052668011808285	-0.074856671812940
7.4250000000000	0.052253009272414	-0.075220816669821
7.4300000000000	0.051835658714478	-0.075582699389130
7.4350000000000	0.051415829206434	-0.075942260059316
7.4400000000000	0.050993447896014	-0.076299509757481
7.4450000000000	0.050568692120723	-0.076654510508570
7.4500000000000	0.050141550176193	-0.077006901639847
7.4550000000000	0.049711894728616	-0.077357244033168
7.4600000000000	0.049279902712111	-0.077704976424728
7.4650000000000	0.048845413996911	-0.078050453738498
7.4700000000000	0.048408722551570	-0.078393457679986
7.4750000000000	0.047969527204853	-0.078733948144197
7.4800000000000	0.047527988697770	-0.079072173990407
7.4850000000000	0.047084091484621	-0.079407887087711
7.4900000000000	0.046638000907605	-0.079740967455113
7.4950000000000	0.046189457264905	-0.080071656915728
7.5000000000000	0.045738622360015	-0.080399829414168
7.5050000000000	0.045285605666688	-0.080725453912478
7.5100000000000	0.044830283243585	-0.081048637255214
7.5150000000000	0.044372632145401	-0.081369113841524
7.5200000000000	0.043912814574357	-0.081687138532132
7.5250000000000	0.043450710309987	-0.082002446312283
7.5300000000000	0.042986511928332	-0.082315360334885
7.5350000000000	0.042520030220465	-0.082625471789033
7.5400000000000	0.042051286352548	-0.082932963700622
7.5450000000000	0.041580507804561	-0.083237861993147
7.5500000000000	0.041107499164312	-0.083540122634748
7.5550000000000	0.040632507588592	-0.083839590576921
7.5600000000000	0.040155143631525	-0.084136449935192
7.5650000000000	0.039675874462736	-0.084430592476426
7.5700000000000	0.039194437360812	-0.084722044663214
7.5750000000000	0.038710918310311	-0.085010721152011
7.5800000000000	0.038225322028490	-0.085296604166317
7.5850000000000	0.037737701339852	-0.085579734903588
7.5900000000000	0.037248057073682	-0.085860084706092
7.5950000000000	0.036756435764309	-0.086137703589189
7.6000000000000	0.036262693794431	-0.086412439338953
7.6050000000000	0.035767095026704	-0.086684394466319
7.6100000000000	0.035269446389822	-0.086953519228719
7.6150000000000	0.034769944406619	-0.087219778775198
7.6200000000000	0.034268432857247	-0.087483202337563
7.6250000000000	0.033764947364626	-0.087743581214733
7.6300000000000	0.033259670653420	-0.088001331172379
7.6350000000000	0.032752437029996	-0.088255962451779
7.6400000000000	0.032243471096901	-0.088507746025530
7.6450000000000	0.031732468212081	-0.088756598774705
7.6500000000000	0.031219734689802	-0.089002494918318
7.6550000000000	0.030705196781309	-0.089245452889624
7.6600000000000	0.030188773160541	-0.089485439634844
7.6650000000000	0.029670654763570	-0.089722386480357
7.6700000000000	0.029150715388449	-0.089956449804091
7.6750000000000	0.028629022732583	-0.090187449991911
7.6800000000000	0.028105684549773	-0.090415370438324
7.6850000000000	0.027580581360270	-0.090640372574190
7.6900000000000	0.027053732189955	-0.090862122179614
7.6950000000000	0.026525189147279	-0.091081060660951
7.7000000000000	0.025995130602021	-0.091296745331990
7.7050000000000	0.025463296427161	-0.091509520272962
7.7100000000000	0.024929882688809	-0.091718980056015
7.7150000000000	0.024394903398775	-0.091925464849717
7.7200000000000	0.023858342299713	-0.092128804936906
7.7250000000000	0.023320114350499	-0.092328987096032
7.7300000000000	0.022780354729322	-0.092526059386334
7.7350000000000	0.022239074928727	-0.092720017073349
7.7400000000000	0.021696355132059	-0.092910684759597
7.7450000000000	0.021152082557087	-0.093098308843251
7.7500000000000	0.020606331891969	-0.093282710891421
7.7550000000000	0.020059028471148	-0.093463871047678
7.7600000000000	0.019510376556466	-0.093641775429338
7.7650000000000	0.018960332532518	-0.093816567056601
7.7700000000000	0.018408874166176	-0.093988037605887
7.7750000000000	0.017855971295570	-0.094156381412521
7.7800000000000	0.017301784309978	-0.094321362083765
7.7850000000000	0.016746171071767	-0.094483100811599
7.7900000000000	0.016189246041052	-0.094641617468571
7.7950000000000	0.015631097165645	-0.094796747628969
7.8000000000000	0.015071588892050	-0.094948659381635
7.8050000000000	0.014510827001682	-0.095097305015914
7.8100000000000	0.013948815605363	-0.095242584568059
7.8150000000000	0.013385480237279	-0.095384464010136
7.8200000000000	0.012821046128294	-0.095523106706396
7.8250000000000	0.012255436677146	-0.095658444952450
7.8300000000000	0.011688647981794	-0.095790281024245
7.8350000000000	0.011120641823300	-0.095918934854379
7.8400000000000	0.010551506491168	-0.096044167439101
7.8450000000000	0.0099813603142989	-0.096165989820851
7.8500000000000	0.0094100410522318	-0.096284427994331
7.8550000000000	0.0088376572791532	-0.096399492903865
7.8600000000000	0.0082642236478538	-0.096511035219783
7.8650000000000	0.0076897794342857	-0.096619303847397
7.8700000000000	0.0071143275948237	-0.096724033173940
7.8750000000000	0.0065378068546963	-0.096825457731319
7.8800000000000	0.0059604129495367	-0.096923306965320
7.8850000000000	0.0053819909180357	-0.097017838924039
7.8900000000000	0.0048027425443221	-0.097108944890320
7.8950000000000	0.0042225887661182	-0.097196416373628
7.9000000000000	0.0036414707316029	-0.097280495589157
7.9050000000000	0.0030594923517112	-0.097361120622426
7.9100000000000	0.0024766748291165	-0.097438264454376
7.9150000000000	0.0018931415203865	-0.097511899293783
7.9200000000000	0.0013086233670345	-0.097582003095532
7.9250000000000	0.00072342123990479	-0.097648668275914
7.9300000000000	0.00013747442139336	-0.097711742051826
7.9350000000000	-0.00044921205919069	-0.097771349431420
7.9400000000000	-0.0010366970686806	-0.097827379637368
7.9450000000000	-0.0016247846204120	-0.097880035202136
7.9500000000000	-0.0022135339880225	-0.097929055647576
7.9550000000000	-0.0028030247138524	-0.097974440766804
7.9600000000000	-0.0033931409878346	-0.098016348947715
7.9650000000000	-0.0039838634288579	-0.098054728850438
7.9700000000000	-0.0045751637721511	-0.098089471428430
7.9750000000000	-0.0051670244511864	-0.098120632742841
7.9800000000000	-0.0057594260190078	-0.098148249001482
7.9850000000000	-0.0063523480353578	-0.098172286281361
7.9900000000000	-0.0069457732099443	-0.098192875162017
7.9950000000000	-0.0075396594130708	-0.098209705999619
8.0000000000000	-0.0081340927101875	-0.098222933218028
8.0050000000000	-0.0087289611278783	-0.098232601632175
8.0100000000000	-0.0093242397533020	-0.098238675653745
8.0150000000000	-0.0099199043146418	-0.098241126469466
8.0200000000000	-0.010515929379778	-0.098239925701519
8.0250000000000	-0.011112115094024	-0.098235190654553
8.0300000000000	-0.011708804918608	-0.098226752108830
8.0350000000000	-0.012305899292057	-0.098214758256670
8.0400000000000	-0.012903171980479	-0.098199109398498
8.0450000000000	-0.013500782795858	-0.098179738465493
8.0500000000000	-0.014098537787560	-0.098156783185979
8.0550000000000	-0.014696606148015	-0.098130225052997
8.0600000000000	-0.015294758563514	-0.098099972503412
8.0650000000000	-0.015893077768103	-0.098066084228618
8.0700000000000	-0.016491632350793	-0.098028505401191
8.0750000000000	-0.017090225703082	-0.097987354435932
8.0800000000000	-0.017689107541597	-0.097942493893499
8.0850000000000	-0.018287971993237	-0.097894016162396
8.0900000000000	-0.018886876773617	-0.097841783483087
8.0950000000000	-0.019485836393141	-0.097786008265677
8.1000000000000	-0.020084873486198	-0.097726419157285
8.1050000000000	-0.020683707133457	-0.097663184411714
8.1100000000000	-0.021282609938063	-0.097596312993434
8.1150000000000	-0.021881633049979	-0.097525681991077
8.1200000000000	-0.022480405425852	-0.097451490841842
8.1250000000000	-0.023079160995645	-0.097373574990754
8.1300000000000	-0.023677798648474	-0.097291995479883
8.1350000000000	-0.024276291583457	-0.097206758661313
8.1400000000000	-0.024874560919346	-0.097117637982091
8.1450000000000	-0.025472699236280	-0.097025075470955
8.1500000000000	-0.026070574815946	-0.096928661610205
8.1550000000000	-0.026668232466430	-0.096828638046105
8.1600000000000	-0.027265652319923	-0.096724997228543
8.1650000000000	-0.027862824382373	-0.096617467254615
8.1700000000000	-0.028459657034591	-0.096506474852029
8.1750000000000	-0.029056229317011	-0.096391696782087
8.1800000000000	-0.029652434701481	-0.096273186854386
8.1850000000000	-0.030248252876830	-0.096150956653762
8.1900000000000	-0.030843620146861	-0.096025188826464
8.1950000000000	-0.031438613658870	-0.095895566533603
8.2000000000000	-0.032033227911653	-0.095762455836626
8.2050000000000	-0.032627306598572	-0.095625459016400
8.2100000000000	-0.033220990241486	-0.095484762688448
8.2150000000000	-0.033814087168031	-0.095340458556886
8.2200000000000	-0.034406764340307	-0.095192508466060
8.2250000000000	-0.034998776339517	-0.095040852285223
8.2300000000000	-0.035590171079764	-0.094885450618845
8.2350000000000	-0.036181093518340	-0.094726425041668
8.2400000000000	-0.036771357291457	-0.094563655177362
8.2450000000000	-0.037360991091831	-0.094397247501087
8.2500000000000	-0.037949960057740	-0.094227186375885
8.2550000000000	-0.038538210786167	-0.094053406421458
8.2600000000000	-0.039125750125006	-0.093875975829150
8.2650000000000	-0.039712623654539	-0.093694800932663
8.2700000000000	-0.040298663487477	-0.093510063156857
8.2750000000000	-0.040883817214588	-0.093321673862496
8.2800000000000	-0.041468319010736	-0.093129496228130
8.2850000000000	-0.042051984682412	-0.092933658776510
8.2900000000000	-0.042634834997515	-0.092734268813446
8.2950000000000	-0.043216646830536	-0.092531108159270
8.3000000000000	-0.043797732807034	-0.092324445741158
8.3050000000000	-0.044377954649949	-0.092114038469939
8.3100000000000	-0.044957129432162	-0.091900011957775
8.3150000000000	-0.045535241066320	-0.091682389148804
8.3200000000000	-0.046112435100570	-0.091461060917106
8.3250000000000	-0.046688656012254	-0.091235983606535
8.3300000000000	-0.047263845867319	-0.091007501886611
8.3350000000000	-0.047838009182472	-0.090775253444532
8.3400000000000	-0.048410975856567	-0.090539400815428
8.3450000000000	-0.048982965423207	-0.090299964157783
8.3500000000000	-0.049553784915153	-0.090056847848443
8.3550000000000	-0.050123381164619	-0.089810221218069
8.3600000000000	-0.050691939779006	-0.089560034690028
8.3650000000000	-0.051259254882713	-0.089306174875101
8.3700000000000	-0.051825398151623	-0.089048624001333
8.3750000000000	-0.052390240668842	-0.088787591806427
8.3800000000000	-0.052953832214158	-0.088522994737371
8.3850000000000	-0.053516214246933	-0.088254781490080
8.3900000000000	-0.054077164627724	-0.087983003129296
8.3950000000000	-0.054636870837769	-0.087707619075547
8.4000000000000	-0.055195161483706	-0.087428789167682
8.4050000000000	-0.055752161387295	-0.087146357618697
8.4100000000000	-0.056307730587664	-0.086860342064424
8.4150000000000	-0.056861845257851	-0.086570767371650
8.4200000000000	-0.057414568508143	-0.086277736873067
8.4250000000000	-0.057965749290265	-0.085981085828315
8.4300000000000	-0.058515550817473	-0.085681085488936
8.4350000000000	-0.059063833786847	-0.085377397307173
8.4400000000000	-0.059610413525268	-0.085070330353525
8.4450000000000	-0.060155614628928	-0.084759684069166
8.4500000000000	-0.060699180767838	-0.084445642392055
8.4550000000000	-0.061241201610869	-0.084128040291848
8.4600000000000	-0.061781568760699	-0.083806947036920
8.4650000000000	-0.062320321743169	-0.083482423965765
8.4700000000000	-0.062857369190362	-0.083154416367341
8.4750000000000	-0.063392760837684	-0.082823012315006
8.4800000000000	-0.063926381448726	-0.082488259048704
8.4850000000000	-0.064458327513794	-0.082149843707631
8.4900000000000	-0.064988520845501	-0.081808173249639
8.4950000000000	-0.065516964279585	-0.081462982680766
8.5000000000000	-0.066043520702925	-0.081114445804022
8.5050000000000	-0.066568413967459	-0.080762543229669
8.5100000000000	-0.067091353234499	-0.080407146415131
8.5150000000000	-0.067612436462640	-0.080048548471992
8.5200000000000	-0.068131589703418	-0.079686373019259
8.5250000000000	-0.068648921579237	-0.079320967703428
8.5300000000000	-0.069164260677275	-0.078952147010908
8.5350000000000	-0.069677748143720	-0.078580111931625
8.5400000000000	-0.070189183985940	-0.078204668438997
8.5450000000000	-0.070698605071635	-0.077825884681123
8.5500000000000	-0.071206075216526	-0.077443738860807
8.5550000000000	-0.071711573079803	-0.077058367582227
8.5600000000000	-0.072214904826982	-0.076669754307504
8.5650000000000	-0.072716081157421	-0.076277801613396
8.5700000000000	-0.073215318328371	-0.075882611663442
8.5750000000000	-0.073712389566186	-0.075484136440089
8.5800000000000	-0.074207335545753	-0.075082441503877
8.5850000000000	-0.074700046667682	-0.074677467537837
8.5900000000000	-0.075190640363551	-0.074269338457100
8.5950000000000	-0.075679055783772	-0.073858037173640
8.6000000000000	-0.076165208345129	-0.073443373767212
8.6050000000000	-0.076649006578378	-0.073025719166863
8.6100000000000	-0.077130705509098	-0.072604788987057
8.6150000000000	-0.077610096138852	-0.072180678266184
8.6200000000000	-0.078087080327566	-0.071753479520405
8.6250000000000	-0.078561865495969	-0.071323143787651
8.6300000000000	-0.079034196358236	-0.070889458259964
8.6350000000000	-0.079504160066763	-0.070452948570638
8.6400000000000	-0.079971784753014	-0.070013265655398
8.6450000000000	-0.080437052673334	-0.069570413992708
8.6500000000000	-0.080899723406914	-0.069124638110942
8.6550000000000	-0.081360092884209	-0.068675662140088
8.6600000000000	-0.081817890752247	-0.068223707868330
8.6650000000000	-0.082273302988442	-0.067768680036943
8.6700000000000	-0.082726070923804	-0.067310679056995
8.6750000000000	-0.083176440179423	-0.066849654842151
8.6800000000000	-0.083624178667057	-0.066385707808745
8.6850000000000	-0.084069459086193	-0.065918631105205
8.6900000000000	-0.084511822659794	-0.065448749183690
8.6950000000000	-0.084951897817174	-0.064975777057635
8.7000000000000	-0.085389245573941	-0.064500054361080
8.7050000000000	-0.085824018676080	-0.064021233152062
8.7100000000000	-0.086256043620570	-0.063539458902899
8.7150000000000	-0.086685461735265	-0.063054991497775
8.7200000000000	-0.087112089574960	-0.062567590055612
8.7250000000000	-0.087535998545942	-0.062077225566881
8.7300000000000	-0.087957088271143	-0.061584223062466
8.7350000000000	-0.088375555641510	-0.061088247931428
8.7400000000000	-0.088791240012890	-0.060589341053755
8.7450000000000	-0.089203999841707	-0.060087688340320
8.7500000000000	-0.089614134002799	-0.059583390422934
8.7550000000000	-0.090021308774364	-0.059076130146946
8.7600000000000	-0.090425605127687	-0.058566238866319
8.7650000000000	-0.090827112447127	-0.058053554423517
8.7700000000000	-0.091225524606000	-0.057538285980363
8.7750000000000	-0.091621200604387	-0.057020306416183
8.7800000000000	-0.092013899976548	-0.056499495300951
8.7850000000000	-0.092403667508182	-0.055976156509046
8.7900000000000	-0.092790435239688	-0.055450041366510
8.7950000000000	-0.093174252532910	-0.054921302978982
8.8000000000000	-0.093555108161902	-0.054389993186460
8.8050000000000	-0.093932899404366	-0.053856050779140
8.8100000000000	-0.094307656614388	-0.053319424696113
8.8150000000000	-0.094679306022442	-0.052780442948728
8.8200000000000	-0.095047968858590	-0.052238848930694
8.8250000000000	-0.095413502798409	-0.051694583682082
8.8300000000000	-0.095775918678027	-0.051147933057535
8.8350000000000	-0.096135157179635	-0.050598636086808
8.8400000000000	-0.096491343610608	-0.050047043797218
8.8450000000000	-0.096844413681951	-0.049492782005329
8.8500000000000	-0.097194315907330	-0.048936188167670
8.8550000000000	-0.097540781791252	-0.048377191123876
8.8600000000000	-0.097884309362864	-0.047815801478774
8.8650000000000	-0.098224468781996	-0.047251967558024
8.8700000000000	-0.098561416519934	-0.046685770400789
8.8750000000000	-0.098895176197870	-0.046117157459708
8.8800000000000	-0.099225609945967	-0.045546307176153
8.8850000000000	-0.099552718715521	-0.044973135389334
8.8900000000000	-0.099876655389963	-0.044397503843462
8.8950000000000	-0.10019711768108	-0.043819768062079
8.9000000000000	-0.10051426334687	-0.043239786949308
8.9050000000000	-0.10082797494050	-0.042657543498029
8.9100000000000	-0.10113853777533	-0.042072949985957
8.9150000000000	-0.10144569838513	-0.041486383071558
8.9200000000000	-0.10174931545370	-0.040897361051955
8.9250000000000	-0.10204951814742	-0.040306297652174
8.9300000000000	-0.10234646529303	-0.039713068717843
8.9350000000000	-0.10263977307220	-0.039117748616291
8.9400000000000	-0.10292968087312	-0.038520359759200
8.9450000000000	-0.10321616221007	-0.037920913574256
8.9500000000000	-0.10349915722286	-0.037319203007903
8.9550000000000	-0.10377861244863	-0.036715660199875
8.9600000000000	-0.10405459021878	-0.036110002703918
8.9650000000000	-0.10432699483194	-0.035502348205264
8.9700000000000	-0.10459594124446	-0.034892747885509
8.9750000000000	-0.10486124897497	-0.034281064056092
8.9800000000000	-0.10512283099087	-0.033667726255530
8.9850000000000	-0.10538104463047	-0.033052227829676
8.9900000000000	-0.10563561242901	-0.032434811656977
8.9950000000000	-0.10588645476260	-0.031815620069548
9.0000000000000	-0.10613388851361	-0.031194517458370
9.0050000000000	-0.10637756296282	-0.030571572982251
9.0100000000000	-0.10661749700980	-0.029946909340433
9.0150000000000	-0.10685385616862	-0.029320367352599
9.0200000000000	-0.10708648155127	-0.028692063395164
9.0250000000000	-0.10731546729861	-0.028062033671952
9.0300000000000	-0.10754071020812	-0.027430275660986
9.0350000000000	-0.10776228200447	-0.026796819076082
9.0400000000000	-0.10798003485140	-0.026161683868461
9.0450000000000	-0.10819412290644	-0.025524804700754
9.0500000000000	-0.10840441334674	-0.024886393899297
9.0550000000000	-0.10861093072169	-0.024246266557019
9.0600000000000	-0.10881374650985	-0.023604565804808
9.0650000000000	-0.10901272492813	-0.022961404982105
9.0700000000000	-0.10920791558025	-0.022316593784111
9.0750000000000	-0.10939921635889	-0.021670253177626
9.0800000000000	-0.10958684663293	-0.021022439517736
9.0850000000000	-0.10977049539434	-0.020373133465303
9.0900000000000	-0.10995030517845	-0.019722261223860
9.0950000000000	-0.11012628765918	-0.019070093031892
9.1000000000000	-0.11029837422652	-0.018416501407322
9.1050000000000	-0.11046661269411	-0.017761535072973
9.1100000000000	-0.11063092447460	-0.017105203248604
9.1150000000000	-0.11079132471018	-0.016447440292769
9.1200000000000	-0.11094789875521	-0.015788253348637
9.1250000000000	-0.11110048714430	-0.015128094743376
9.1300000000000	-0.11124913730842	-0.014466351157009
9.1350000000000	-0.11139394375276	-0.013803480470802
9.1400000000000	-0.11153466366354	-0.013139380194073
9.1450000000000	-0.11167151595014	-0.012473979242175
9.1500000000000	-0.11180423573132	-0.011807510902526
9.1550000000000	-0.11193312460821	-0.011139895069651
9.1600000000000	-0.11205799424065	-0.010471162517119
9.1650000000000	-0.11217885661345	-0.0098013139994172
9.1700000000000	-0.11229572967440	-0.0091301918794028
9.1750000000000	-0.11240856674849	-0.0084582177877677
9.1800000000000	-0.11251745236054	-0.0077850111056672
9.1850000000000	-0.11262220650808	-0.0071109022775521
9.1900000000000	-0.11272284409483	-0.0064360335547181
9.1950000000000	-0.11281967047651	-0.0057598890557583
9.2000000000000	-0.11291226662181	-0.0050829014755565
9.2050000000000	-0.11300085588152	-0.0044049117850915
9.2100000000000	-0.11308535839000	-0.0037261527234043
9.2150000000000	-0.11316578695695	-0.0030464177532312
9.2200000000000	-0.11324202297565	-0.0023659633927718
9.2250000000000	-0.11331428945122	-0.0016845867374931
9.2300000000000	-0.11338239328634	-0.0010025390089319
9.2350000000000	-0.11344638323506	-0.00031962114851149
9.2400000000000	-0.11350634187174	0.00036403838688411
9.2450000000000	-0.11356209798220	0.0010484001669189
9.2500000000000	-0.11361367943829	0.0017335596076902
9.2550000000000	-0.11366129468845	0.0024191656887542
9.2600000000000	-0.11370465644816	0.0031056230565867
9.2650000000000	-0.11374391507699	0.0037926819404804
9.2700000000000	-0.11377893107822	0.0044802212321325
9.2750000000000	-0.11380975790733	0.0051683155012147
9.2800000000000	-0.11383643995919	0.0058570632944880
9.2850000000000	-0.11385899524946	0.0065463078296264
9.2900000000000	-0.11387739631471	0.0072359437281291
9.2950000000000	-0.11389165771259	0.0079262513264136
9.3000000000000	-0.11390165735268	0.0086168854107325
9.3050000000000	-0.11390745254571	0.0093079248210420
9.3100000000000	-0.11390910470985	0.0099994527941146
9.3150000000000	-0.11390648453513	0.010691012252951
9.3200000000000	-0.11389973716084	0.011383231730870
9.3250000000000	-0.11388869123328	0.012075747715554
9.3300000000000	-0.11387346659219	0.012768561048078
9.3350000000000	-0.11385397506237	0.013461492716603
9.3400000000000	-0.11383033959947	0.014154798818900
9.3450000000000	-0.11380250014517	0.014848296023585
9.3500000000000	-0.11377031514972	0.015541947652758
9.3550000000000	-0.11373402543490	0.016235775163798
9.3600000000000	-0.11369346715086	0.016929736061809
9.3650000000000	-0.11364858230912	0.017623767643330
9.3700000000000	-0.11359947194364	0.018317878647270
9.3750000000000	-0.11354622479730	0.019012170854120
9.3800000000000	-0.11348870277854	0.019706364591164
9.3850000000000	-0.11342696495448	0.020400674557818
9.3900000000000	-0.11336078385647	0.021095032523681
9.3950000000000	-0.11329049365395	0.021789136006220
9.4000000000000	-0.11321594547488	0.022483153060451
9.4050000000000	-0.11313705908655	0.023177162823777
9.4100000000000	-0.11305396320078	0.023871047643981
9.4150000000000	-0.11296670815854	0.024564908096917
9.4200000000000	-0.11287506401275	0.025258441819463
9.4250000000000	-0.11277916429512	0.025951758278072
9.4300000000000	-0.11267901569466	0.026644947231037
9.4350000000000	-0.11257452770852	0.027337858120386
9.4400000000000	-0.11246589791636	0.028030281094238
9.4450000000000	-0.11235298904403	0.028722618180769
9.4500000000000	-0.11223582424645	0.029414592620377
9.4550000000000	-0.11211437599352	0.030106215483582
9.4600000000000	-0.11198856852161	0.030797394905543
9.4650000000000	-0.11185861502447	0.031488194464321
9.4700000000000	-0.11172433709115	0.032178535888698
9.4750000000000	-0.11158576470739	0.032868491941725
9.4800000000000	-0.11144314789801	0.033557779591768
9.4850000000000	-0.11129601816284	0.034246590552311
9.4900000000000	-0.11114463033441	0.034934953483808
9.4950000000000	-0.11098907376327	0.035622777042001
9.5000000000000	-0.11082923062006	0.036309969769569
9.5050000000000	-0.11066512523232	0.036996540593076
9.5100000000000	-0.11049678487451	0.037682330212905
9.5150000000000	-0.11032412066581	0.038367640869281
9.5200000000000	-0.11014717322309	0.039052226169051
9.5250000000000	-0.10996615346183	0.039735789489212
9.5300000000000	-0.10978075773849	0.040418888563065
9.5350000000000	-0.10959110997616	0.041101073671845
9.5400000000000	-0.10939724312126	0.041782567515597
9.5450000000000	-0.10919924634387	0.042463260337699
9.5500000000000	-0.10899681445672	0.043142760822876
9.5550000000000	-0.10879021557289	0.043821869437601
9.5600000000000	-0.10857951197814	0.044499749048381
9.5650000000000	-0.10836434884221	0.045176567293801
9.5700000000000	-0.10814513398805	0.045852607413524
9.5750000000000	-0.10792171926083	0.046527660827370
9.5800000000000	-0.10769399284735	0.047201632363989
9.5850000000000	-0.10746210876594	0.047874697658113
9.5900000000000	-0.10722597237232	0.048546522610012
9.5950000000000	-0.10698564249904	0.049217380237981
9.6000000000000	-0.10674115092144	0.049887119793656
9.6050000000000	-0.10649239827125	0.050555408270146
9.6100000000000	-0.10623961225660	0.051222704714870
9.6150000000000	-0.10598248818823	0.051888971707741
9.6200000000000	-0.10572122724663	0.052553760528396
9.6250000000000	-0.10545573975331	0.053217499186690
9.6300000000000	-0.10518611724804	0.053879981383430
9.6350000000000	-0.10491227903942	0.054540961069390
9.6400000000000	-0.10463444331947	0.055200699932588
9.6450000000000	-0.10435227340404	0.055859086856575
9.6500000000000	-0.10406614918248	0.056515923304037
9.6550000000000	-0.10377584270465	0.057171562759421
9.6600000000000	-0.10348139865237	0.057825630051938
9.6650000000000	-0.10318267452476	0.058478244382368
9.6700000000000	-0.10287987192655	0.059129510088915
9.6750000000000	-0.10257308979665	0.059779211416927
9.6800000000000	-0.10226214492681	0.060427164897843
9.6850000000000	-0.10194715651157	0.061073711678907
9.6900000000000	-0.10162797567528	0.061718580808884
9.6950000000000	-0.10130473499556	0.062361966980669
9.7000000000000	-0.10097749288442	0.063003619673237
9.7050000000000	-0.10064621189008	0.063643587553542
9.7100000000000	-0.10031083703882	0.064281819884337
9.7150000000000	-0.099971274459160	0.064918502697506
9.7200000000000	-0.099627841437367	0.065553254252156
9.7250000000000	-0.099280240778298	0.066186405974628
9.7300000000000	-0.098928736424921	0.066817545807968
9.7350000000000	-0.098573283350977	0.067446892200565
9.7400000000000	-0.098213616425719	0.068074508695863
9.7450000000000	-0.097850152840060	0.068700220656133
9.7500000000000	-0.097482677260419	0.069324009553481
9.7550000000000	-0.097111155687647	0.069945953496457
9.7600000000000	-0.096735609358316	0.070565881204012
9.7650000000000	-0.096356138534516	0.071183701987409
9.7700000000000	-0.095972878773308	0.071799599140057
9.7750000000000	-0.095585534693986	0.072413507831152
9.7800000000000	-0.095194262358498	0.073025343869808
9.7850000000000	-0.094799136250195	0.073635122080691
9.7900000000000	-0.094400130768834	0.074242814198031
9.7950000000000	-0.093997159510517	0.074848293583576
9.8000000000000	-0.093590315231425	0.075451621085594
9.8050000000000	-0.093179633258400	0.076052921190234
9.8100000000000	-0.092764988575856	0.076651925891081
9.8150000000000	-0.092346678419961	0.077248526888145
9.8200000000000	-0.091924477669388	0.077843134186206
9.8250000000000	-0.091498374364080	0.078435215678652
9.8300000000000	-0.091068541943103	0.079025215183672
9.8350000000000	-0.090634846542982	0.079612811368393
9.8400000000000	-0.090197414774750	0.080198235106021
9.8450000000000	-0.089756173240673	0.080781084988489
9.8500000000000	-0.089311153911792	0.081361513932535
9.8550000000000	-0.088862531803424	0.081939470826310
9.8600000000000	-0.088410117756633	0.082515068231454
9.8650000000000	-0.087953896022587	0.083088257801073
9.8700000000000	-0.087494002346874	0.083658976123741
9.8750000000000	-0.087030421599685	0.084227003615158
9.8800000000000	-0.086563085450838	0.084792559989879
9.8850000000000	-0.086092183912400	0.085355641706407
9.8900000000000	-0.085617569745460	0.085916050176620
9.8950000000000	-0.085139335850135	0.086473853548679
9.9000000000000	-0.084657647030163	0.087028845355866
9.9050000000000	-0.084172041202093	0.087581513717859
9.9100000000000	-0.083682970048538	0.088131279916194
9.9150000000000	-0.083190377117173	0.088678383769328
9.9200000000000	-0.082694133378910	0.089222802484862
9.9250000000000	-0.082194383744289	0.089764349894162
9.9300000000000	-0.081691070966536	0.090303247787711
9.9350000000000	-0.081184089573606	0.090839341238971
9.9400000000000	-0.080673996694953	0.091372309614706
9.9450000000000	-0.080160087089576	0.091902776668600
9.9500000000000	-0.079642774623555	0.092430234780834
9.9550000000000	-0.079122116767585	0.092954949843752
9.9600000000000	-0.078597938393146	0.093476630946705
9.9650000000000	-0.078070288398778	0.093995284414500
9.9700000000000	-0.077539198960061	0.094511129635734
9.9750000000000	-0.077004865184787	0.095023958587933
9.9800000000000	-0.076467097672518	0.095533692849713
9.9850000000000	-0.075925870284462	0.096040459345199
9.9900000000000	-0.075381396450316	0.096544278795756
9.9950000000000	-0.074833630720963	0.097044853120714
10.000000000000	-0.074282389649251	0.097542509165186
