#
#"Frequency / GHz"	"S1,2 [Real/Imaginary Part] [Re]"	"S1,2 [Real/Imaginary Part] [Im]"
#-------------------------------------------------------------------------------------
5.0000000000000	-0.038911842645006	0.10856982347836
5.0050000000000	-0.038300519684180	0.10890729145942
5.0100000000000	-0.037686542893132	0.10924132415209
5.0150000000000	-0.037069931516605	0.10957190182972
5.0200000000000	-0.036450704940497	0.10989900487314
5.0250000000000	-0.035828882691253	0.11022261377166
5.0300000000000	-0.035204484435269	0.11054270912406
5.0350000000000	-0.034577529978279	0.11085927163953
5.0400000000000	-0.033948039264736	0.11117228213867
5.0450000000000	-0.033316032377193	0.11148172155442
5.0500000000000	-0.032681529535666	0.11178757093305
5.0550000000000	-0.032044551097005	0.11208981143510
5.0600000000000	-0.031405117554247	0.11238842433636
5.0650000000000	-0.030763249535967	0.11268339102876
5.0700000000000	-0.030118967805624	0.11297469302141
5.0750000000000	-0.029472293260897	0.11326231194144
5.0800000000000	-0.028823246933017	0.11354622953502
5.0850000000000	-0.028171849986093	0.11382642766826
5.0900000000000	-0.027518123716433	0.11410288832815
5.0950000000000	-0.026862089551849	0.11437559362349
5.1000000000000	-0.026203769050973	0.11464452578579
5.1050000000000	-0.025543183902549	0.11490966717024
5.1100000000000	-0.024880355924731	0.11517100025658
5.1150000000000	-0.024215307064372	0.11542850765005
5.1200000000000	-0.023548059396298	0.11568217208226
5.1250000000000	-0.022878635122593	0.11593197641212
5.1300000000000	-0.022207056571858	0.11617790362677
5.1350000000000	-0.021533346198482	0.11641993684239
5.1400000000000	-0.020857526581893	0.11665805930519
5.1450000000000	-0.020179620425811	0.11689225439222
5.1500000000000	-0.019499650557493	0.11712250561233
5.1550000000000	-0.018817639926969	0.11734879660697
5.1600000000000	-0.018133611606275	0.11757111115113
5.1650000000000	-0.017447588788681	0.11778943315417
5.1700000000000	-0.016759594787909	0.11800374666071
5.1750000000000	-0.016069653037348	0.11821403585149
5.1800000000000	-0.015377787089264	0.11842028504422
5.1850000000000	-0.014684020613998	0.11862247869444
5.1900000000000	-0.013988377399167	0.11882060139636
5.1950000000000	-0.013290881348852	0.11901463788370
5.2000000000000	-0.012591556482783	0.11920457303058
5.2050000000000	-0.011890426935518	0.11939039185227
5.2100000000000	-0.011187516955615	0.11957207950609
5.2150000000000	-0.010482850904804	0.11974962129222
5.2200000000000	-0.0097764532571395	0.11992300265448
5.2250000000000	-0.0090683485981645	0.12009220918122
5.2300000000000	-0.0083585616240559	0.12025722660606
5.2350000000000	-0.0076471171407705	0.12041804080874
5.2400000000000	-0.0069340400631827	0.12057463781590
5.2450000000000	-0.0062193554142182	0.12072700380188
5.2500000000000	-0.0055030883239809	0.12087512508954
5.2550000000000	-0.0047852640288746	0.12101898815099
5.2600000000000	-0.0040659078707195	0.12115857960842
5.2650000000000	-0.0033450452958627	0.12129388623486
5.2700000000000	-0.0026227018542831	0.12142489495494
5.2750000000000	-0.0018989031986916	0.12155159284569
5.2800000000000	-0.0011736750836251	0.12167396713723
5.2850000000000	-0.00044704336453519	0.12179200521362
5.2900000000000	0.00028096600312832	0.12190569461352
5.2950000000000	0.0010103269648392	0.12201502303101
5.3000000000000	0.0017410133679221	0.12211997831627
5.3050000000000	0.0024729989624852	0.12222054847635
5.3100000000000	0.0032062574023578	0.12231672167587
5.3150000000000	0.0039407622460338	0.12240848623778
5.3200000000000	0.0046764869576193	0.12249583064404
5.3250000000000	0.0054134049077866	0.12257874353636
5.3300000000000	0.0061514893747324	0.12265721371687
5.3350000000000	0.0068907135451417	0.12273123014886
5.3400000000000	0.0076310505151565	0.12280078195745
5.3450000000000	0.0083724732913495	0.12286585843029
5.3500000000000	0.0091149547917029	0.12292644901823
5.3550000000000	0.0098584678465925	0.12298254333603
5.3600000000000	0.010602985199776	0.12303413116296
5.3650000000000	0.011348479509387	0.12308120244356
5.3700000000000	0.012094923348933	0.12312374728821
5.3750000000000	0.012842289208300	0.12316175597386
5.3800000000000	0.013590549494760	0.12319521894463
5.3850000000000	0.014339676533982	0.12322412681244
5.3900000000000	0.015089642571053	0.12324847035770
5.3950000000000	0.015840419771500	0.12326824052989
5.4000000000000	0.016591980222313	0.12328342844821
5.4050000000000	0.017344295932983	0.12329402540219
5.4100000000000	0.018097338836534	0.12330002285228
5.4150000000000	0.018851080790563	0.12330141243048
5.4200000000000	0.019605493578291	0.12329818594096
5.4250000000000	0.020360548909607	0.12329033536058
5.4300000000000	0.021116218422124	0.12327785283954
5.4350000000000	0.021872473682241	0.12326073070193
5.4400000000000	0.022629286186201	0.12323896144634
5.4450000000000	0.023386627361164	0.12321253774634
5.4500000000000	0.024144468566272	0.12318145245116
5.4550000000000	0.024902781093732	0.12314569858612
5.4600000000000	0.025661536169893	0.12310526935329
5.4650000000000	0.026420704956328	0.12306015813195
5.4700000000000	0.027180258550930	0.12301035847914
5.4750000000000	0.027940167988994	0.12295586413022
5.4800000000000	0.028700404244326	0.12289666899937
5.4850000000000	0.029460938230334	0.12283276718008
5.4900000000000	0.030221740801135	0.12276415294570
5.4950000000000	0.030982782752670	0.12269082074990
5.5000000000000	0.031744034823808	0.12261276522721
5.5050000000000	0.032505467697468	0.12252998119345
5.5100000000000	0.033267052001736	0.12244246364625
5.5150000000000	0.034028758310994	0.12235020776553
5.5200000000000	0.034790557147041	0.12225320891391
5.5250000000000	0.035552418980231	0.12215146263725
5.5300000000000	0.036314314230605	0.12204496466503
5.5350000000000	0.037076213269029	0.12193371091082
5.5400000000000	0.037838086418339	0.12181769747275
5.5450000000000	0.038599903954487	0.12169692063390
5.5500000000000	0.039361636107686	0.12157137686273
5.5550000000000	0.040123253063568	0.12144106281351
5.5600000000000	0.040884724964339	0.12130597532672
5.5650000000000	0.041646021909937	0.12116611142947
5.5700000000000	0.042407113959195	0.12102146833588
5.5750000000000	0.043167971131010	0.12087204344744
5.5800000000000	0.043928563405510	0.12071783435348
5.5850000000000	0.044688860725226	0.12055883883142
5.5900000000000	0.045448832996270	0.12039505484725
5.5950000000000	0.046208450089513	0.12022648055583
5.6000000000000	0.046967681841766	0.12005311430123
5.6050000000000	0.047726498056966	0.11987495461712
5.6100000000000	0.048484868507363	0.11969200022709
5.6150000000000	0.049242762934711	0.11950425004495
5.6200000000000	0.050000151051463	0.11931170317509
5.6250000000000	0.050757002541964	0.11911435891279
5.6300000000000	0.051513287063654	0.11891221674451
5.6350000000000	0.052268974248267	0.11870527634818
5.6400000000000	0.053024033703038	0.11849353759354
5.6450000000000	0.053778435011909	0.11827700054239
5.6500000000000	0.054532147736738	0.11805566544885
5.6550000000000	0.055285141418511	0.11782953275968
5.6600000000000	0.056037385578560	0.11759860311449
5.6650000000000	0.056788849719778	0.11736287734605
5.6700000000000	0.057539503327838	0.11712235648046
5.6750000000000	0.058289315872416	0.11687704173749
5.6800000000000	0.059038256808414	0.11662693453070
5.6850000000000	0.059786295577189	0.11637203646776
5.6900000000000	0.060533401607779	0.11611234935061
5.6950000000000	0.061279544318137	0.11584787517568
5.7000000000000	0.062024693116359	0.11557861613410
5.7050000000000	0.062768817401926	0.11530457461188
5.7100000000000	0.063511886566933	0.11502575319011
5.7150000000000	0.064253869997333	0.11474215464512
5.7200000000000	0.064994737074179	0.11445378194866
5.7250000000000	0.065734457174862	0.11416063826806
5.7300000000000	0.066472999674359	0.11386272696639
5.7350000000000	0.067210333946478	0.11356005160259
5.7400000000000	0.067946429365106	0.11325261593160
5.7450000000000	0.068681255305459	0.11294042390452
5.7500000000000	0.069414781145332	0.11262347966873
5.7550000000000	0.070146976266354	0.11230178756796
5.7600000000000	0.070877810055241	0.11197535214246
5.7650000000000	0.071607251905050	0.11164417812902
5.7700000000000	0.072335271216438	0.11130827046116
5.7750000000000	0.073061837398922	0.11096763426910
5.7800000000000	0.073786919872134	0.11062227487993
5.7850000000000	0.074510488067086	0.11027219781762
5.7900000000000	0.075232511427432	0.10991740880309
5.7950000000000	0.075952959410728	0.10955791375426
5.8000000000000	0.076671801489700	0.10919371878610
5.8050000000000	0.077389007153507	0.10882483021067
5.8100000000000	0.078104545909009	0.10845125453711
5.8150000000000	0.078818387282032	0.10807299847169
5.8200000000000	0.079530500818642	0.10769006891782
5.8250000000000	0.080240856086404	0.10730247297602
5.8300000000000	0.080949422675663	0.10691021794395
5.8350000000000	0.081656170200804	0.10651331131637
5.8400000000000	0.082361068301533	0.10611176078512
5.8450000000000	0.083064086644140	0.10570557423912
5.8500000000000	0.083765194922780	0.10529475976426
5.8550000000000	0.084464362860736	0.10487932564343
5.8600000000000	0.085161560211702	0.10445928035642
5.8650000000000	0.085856756761049	0.10403463257986
5.8700000000000	0.086549922327106	0.10360539118715
5.8750000000000	0.087241026762429	0.10317156524839
5.8800000000000	0.087930039955075	0.10273316403027
5.8850000000000	0.088616931829883	0.10229019699601
5.8900000000000	0.089301672349743	0.10184267380519
5.8950000000000	0.089984231516875	0.10139060431373
5.9000000000000	0.090664579374100	0.10093399857365
5.9050000000000	0.091342686006119	0.10047286683306
5.9100000000000	0.092018521540785	0.10000721953594
5.9150000000000	0.092692056150381	0.099537067322010
5.9200000000000	0.093363260052890	0.099062421026604
5.9250000000000	0.094032103513274	0.098583291680473
5.9300000000000	0.094698556844746	0.098099690509633
5.9350000000000	0.095362590410045	0.097611628935177
5.9400000000000	0.096024174622705	0.097119118573088
5.9450000000000	0.096683279948335	0.096622171234047
5.9500000000000	0.097339876905886	0.096120798923221
5.9550000000000	0.097993936068926	0.095615013840058
5.9600000000000	0.098645428066906	0.095104828378061
5.9650000000000	0.099294323586440	0.094590255124558
5.9700000000000	0.099940593372564	0.094071306860467
5.9750000000000	0.10058420823001	0.093547996560050
5.9800000000000	0.10122513902449	0.093020337390658
5.9850000000000	0.10186335668392	0.092488342712465
5.9900000000000	0.10249883219973	0.091952026078203
5.9950000000000	0.10313153662813	0.091411401232880
6.0000000000000	0.10376144109132	0.090866482113494
6.0050000000000	0.10438851677882	0.090317282848732
6.0100000000000	0.10501273494869	0.089763817758676
6.0150000000000	0.10563406692883	0.089206101354481
6.0200000000000	0.10625248411817	0.088644148338060
6.0250000000000	0.10686795798801	0.088077973601756
6.0300000000000	0.10748046008322	0.087507592228001
6.0350000000000	0.10808996202352	0.086933019488974
6.0400000000000	0.10869643550472	0.086354270846247
6.0450000000000	0.10929985230001	0.085771361950421
6.0500000000000	0.10990018426115	0.085184308640762
6.0550000000000	0.11049740331977	0.084593126944816
6.0600000000000	0.11109148148858	0.083997833078027
6.0650000000000	0.11168239086265	0.083398443443342
6.0700000000000	0.11227010362064	0.082794974630805
6.0750000000000	0.11285459202604	0.082187443417152
6.0800000000000	0.11343582842841	0.081575866765387
6.0850000000000	0.11401378526460	0.080960261824356
6.0900000000000	0.11458843506004	0.080340645928313
6.0950000000000	0.11515975042991	0.079717036596475
6.1000000000000	0.11572770408043	0.079089451532570
6.1050000000000	0.11629226881003	0.078457908624380
6.1100000000000	0.11685341751063	0.077822425943267
6.1150000000000	0.11741112316885	0.077183021743703
6.1200000000000	0.11796535886721	0.076539714462784
6.1250000000000	0.11851609778538	0.075892522719735
6.1300000000000	0.11906331320138	0.075241465315413
6.1350000000000	0.11960697849280	0.074586561231796
6.1400000000000	0.12014706713802	0.073927829631469
6.1450000000000	0.12068355271743	0.073265289857097
6.1500000000000	0.12121640891460	0.072598961430893
6.1550000000000	0.12174560951751	0.071928864054078
6.1600000000000	0.12227112841977	0.071255017606333
6.1650000000000	0.12279293962179	0.070577442145238
6.1700000000000	0.12331101723198	0.069896157905715
6.1750000000000	0.12382533546795	0.069211185299446
6.1800000000000	0.12433586865772	0.068522544914303
6.1850000000000	0.12484259124087	0.067830257513749
6.1900000000000	0.12534547776976	0.067134344036249
6.1950000000000	0.12584450291068	0.066434825594663
6.2000000000000	0.12633964144504	0.065731723475632
6.2050000000000	0.12683086827058	0.065025059138962
6.2100000000000	0.12731815840248	0.064314854216992
6.2150000000000	0.12780148697456	0.063601130513963
6.2200000000000	0.12828082924046	0.062883910005367
6.2250000000000	0.12875616057477	0.062163214837304
6.2300000000000	0.12922745647421	0.061439067325818
6.2350000000000	0.12969469255879	0.060711489956228
6.2400000000000	0.13015784457293	0.059980505382459
6.2450000000000	0.13061688838662	0.059246136426358
6.2500000000000	0.13107179999660	0.058508406076999
6.2550000000000	0.13152255552745	0.057767337489991
6.2600000000000	0.13196913123273	0.057022953986770
6.2650000000000	0.13241150349616	0.056275279053887
6.2700000000000	0.13284964883269	0.055524336342286
6.2750000000000	0.13328354388967	0.054770149666575
6.2800000000000	0.13371316544793	0.054012743004293
6.2850000000000	0.13413849042293	0.053252140495164
6.2900000000000	0.13455949586585	0.052488366440346
6.2950000000000	0.13497615896471	0.051721445301676
6.3000000000000	0.13538845704547	0.050951401700899
6.3050000000000	0.13579636757312	0.050178260418897
6.3100000000000	0.13619986815281	0.049402046394907
6.3150000000000	0.13659893653089	0.048622784725737
6.3200000000000	0.13699355059603	0.047840500664963
6.3250000000000	0.13738368838028	0.047055219622133
6.3300000000000	0.13776932806018	0.046266967161950
6.3350000000000	0.13815044795781	0.045475769003460
6.3400000000000	0.13852702654185	0.044681651019224
6.3450000000000	0.13889904242867	0.043884639234487
6.3500000000000	0.13926647438335	0.043084759826336
6.3550000000000	0.13962930132079	0.042282039122857
6.3600000000000	0.13998750230670	0.041476503602277
6.3650000000000	0.14034105655868	0.040668179892106
6.3700000000000	0.14068994344725	0.039857094768268
6.3750000000000	0.14103414249690	0.039043275154225
6.3800000000000	0.14137363338708	0.038226748120096
6.3850000000000	0.14170839595326	0.037407540881765
6.3900000000000	0.14203841018796	0.036585680799988
6.3950000000000	0.14236365624170	0.035761195379485
6.4000000000000	0.14268411442409	0.034934112268035
6.4050000000000	0.14299976520478	0.034104459255555
6.4100000000000	0.14331058921447	0.033272264273177
6.4150000000000	0.14361656724593	0.032437555392315
6.4200000000000	0.14391768025494	0.031600360823731
6.4250000000000	0.14421390936131	0.030760708916587
6.4300000000000	0.14450523584985	0.029918628157494
6.4350000000000	0.14479164117132	0.029074147169556
6.4400000000000	0.14507310694344	0.028227294711401
6.4450000000000	0.14534961495181	0.027378099676213
6.4500000000000	0.14562114715086	0.026526591090752
6.4550000000000	0.14588768566485	0.025672798114370
6.4600000000000	0.14614921278875	0.024816750038019
6.4650000000000	0.14640571098924	0.023958476283251
6.4700000000000	0.14665716290558	0.023098006401218
6.4750000000000	0.14690355135057	0.022235370071656
6.4800000000000	0.14714485931149	0.021370597101873
6.4850000000000	0.14738106995097	0.020503717425720
6.4900000000000	0.14761216660791	0.019634761102563
6.4950000000000	0.14783813279841	0.018763758316246
6.5000000000000	0.14805895221662	0.017890739374049
6.5050000000000	0.14827460873569	0.017015734705639
6.5100000000000	0.14848508640859	0.016138774862011
6.5150000000000	0.14869036946903	0.015259890514433
6.5200000000000	0.14889044233230	0.014379112453371
6.5250000000000	0.14908528959618	0.013496471587420
6.5300000000000	0.14927489604174	0.012611998942224
6.5350000000000	0.14945924663425	0.011725725659387
6.5400000000000	0.14963832652398	0.010837682995382
6.5450000000000	0.14981212104706	0.0099479023204542
6.5500000000000	0.14998061572632	0.0090564151175177
6.5550000000000	0.15014379627209	0.0081632529810429
6.5600000000000	0.15030164858306	0.0072684476159428
6.5650000000000	0.15045415874705	0.0063720308364514
6.5700000000000	0.15060131304183	0.0054740345649947
6.5750000000000	0.15074309793595	0.0045744908310605
6.5800000000000	0.15087950008949	0.0036734317700573
6.5850000000000	0.15101050635486	0.0027708896221708
6.5900000000000	0.15113610377760	0.0018668967312139
6.5950000000000	0.15125627959711	0.00096148554347097
6.6000000000000	0.15137102124747	5.4688606536715e-05
6.6050000000000	0.15148031635816	-0.00085346143185048
6.6100000000000	0.15158415275480	-0.0017629318249807
6.6150000000000	0.15168251845995	-0.0026736897283497
6.6200000000000	0.15177540169379	-0.0035857022008425
6.6250000000000	0.15186279087488	-0.0044989362059207
6.6300000000000	0.15194467462087	-0.0054133586128169
6.6350000000000	0.15202104174925	-0.0063289361977327
6.6400000000000	0.15209188127800	-0.0072456356450434
6.6450000000000	0.15215718242633	-0.0081634235485064
6.6500000000000	0.15221693461539	-0.0090822664124760
6.6550000000000	0.15227112746891	-0.010002130653123
6.6600000000000	0.15231975081392	-0.010922982599657
6.6650000000000	0.15236279468140	-0.011844788495560
6.6700000000000	0.15240024930696	-0.012767514499815
6.6750000000000	0.15243210513148	-0.013691126688152
6.6800000000000	0.15245835280178	-0.014615591054285
6.6850000000000	0.15247898317125	-0.015540873511167
6.6900000000000	0.15249398730048	-0.016466939892237
6.6950000000000	0.15250335645791	-0.017393755952686
6.7000000000000	0.15250708212041	-0.018321287370715
6.7050000000000	0.15250515597396	-0.019249499748803
6.7100000000000	0.15249756991416	-0.020178358614982
6.7150000000000	0.15248431604691	-0.021107829424111
6.7200000000000	0.15246538668897	-0.022037877559156
6.7250000000000	0.15244077436852	-0.022968468332482
6.7300000000000	0.15241047182576	-0.023899566987136
6.7350000000000	0.15237447201347	-0.024831138698146
6.7400000000000	0.15233276809756	-0.025763148573817
6.7450000000000	0.15228535345763	-0.026695561657036
6.7500000000000	0.15223222168749	-0.027628342926579
6.7550000000000	0.15217336659575	-0.028561457298421
6.7600000000000	0.15210878220625	-0.029494869627052
6.7650000000000	0.15203846275868	-0.030428544706798
6.7700000000000	0.15196240270902	-0.031362447273143
6.7750000000000	0.15188059673008	-0.032296542004056
6.7800000000000	0.15179303971196	-0.033230793521326
6.7850000000000	0.15169972676257	-0.034165166391893
6.7900000000000	0.15160065320808	-0.035099625129188
6.7950000000000	0.15149581459341	-0.036034134194480
6.8000000000000	0.15138520668267	-0.036968657998215
6.8050000000000	0.15126882545963	-0.037903160901374
6.8100000000000	0.15114666712817	-0.038837607216824
6.8150000000000	0.15101872811267	-0.039771961210672
6.8200000000000	0.15088500505851	-0.040706187103633
6.8250000000000	0.15074549483241	-0.041640249072387
6.8300000000000	0.15060019452292	-0.042574111250953
6.8350000000000	0.15044910144076	-0.043507737732056
6.8400000000000	0.15029221311923	-0.044441092568504
6.8450000000000	0.15012952731463	-0.045374139774565
6.8500000000000	0.14996104200659	-0.046306843327348
6.8550000000000	0.14978675539845	-0.047239167168188
6.8600000000000	0.14960666591764	-0.048171075204031
6.8650000000000	0.14942077221603	-0.049102531308826
6.8700000000000	0.14922907317024	-0.050033499324920
6.8750000000000	0.14903156788199	-0.050963943064450
6.8800000000000	0.14882825567847	-0.051893826310747
6.8850000000000	0.14861913611258	-0.052823112819733
6.8900000000000	0.14840420896328	-0.053751766321332
6.8950000000000	0.14818347423591	-0.054679750520871
6.9000000000000	0.14795693216242	-0.055607029100495
6.9050000000000	0.14772458320171	-0.056533565720576
6.9100000000000	0.14748642803989	-0.057459324021133
6.9150000000000	0.14724246759050	-0.058384267623246
6.9200000000000	0.14699270299484	-0.059308360130478
6.9250000000000	0.14673713562214	-0.060231565130300
6.9300000000000	0.14647576706986	-0.061153846195510
6.9350000000000	0.14620859916389	-0.062075166885667
6.9400000000000	0.14593563395877	-0.062995490748518
6.9450000000000	0.14565687373789	-0.063914781321429
6.9500000000000	0.14537232101373	-0.064833002132822
6.9550000000000	0.14508197852802	-0.065750116703608
6.9600000000000	0.14478584925194	-0.066666088548627
6.9650000000000	0.14448393638627	-0.067580881178086
6.9700000000000	0.14417624336160	-0.068494458099007
6.9750000000000	0.14386277383845	-0.069406782816661
6.9800000000000	0.14354353170743	-0.070317818836025
6.9850000000000	0.14321852108938	-0.071227529663220
6.9900000000000	0.14288774633551	-0.072135878806965
6.9950000000000	0.14255121202750	-0.073042829780029
7.0000000000000	0.14220892297763	-0.073948346100680
7.0050000000000	0.14186088422886	-0.074852391294138
7.0100000000000	0.14150710105497	-0.075754928894037
7.0150000000000	0.14114757896058	-0.076655922443874
7.0200000000000	0.14078232368129	-0.077555335498473
7.0250000000000	0.14041134118368	-0.078453131625440
7.0300000000000	0.14003463766542	-0.079349274406628
7.0350000000000	0.13965221955532	-0.080243727439595
7.0400000000000	0.13926409351331	-0.081136454339068
7.0450000000000	0.13887026643054	-0.082027418738411
7.0500000000000	0.13847074542934	-0.082916584291084
7.0550000000000	0.13806553786327	-0.083803914672112
7.0600000000000	0.13765465131713	-0.084689373579553
7.0650000000000	0.13723809360689	-0.085572924735964
7.0700000000000	0.13681587277975	-0.086454531889869
7.0750000000000	0.13638799711407	-0.087334158817231
7.0800000000000	0.13595447511932	-0.088211769322919
7.0850000000000	0.13551531553610	-0.089087327242181
7.0900000000000	0.13507052733602	-0.089960796442112
7.0950000000000	0.13462011972164	-0.090832140823129
7.1000000000000	0.13416410212646	-0.091701324320439
7.1050000000000	0.13370248421476	-0.092568310905517
7.1100000000000	0.13323527588157	-0.093433064587573
7.1150000000000	0.13276248725252	-0.094295549415028
7.1200000000000	0.13228412868377	-0.095155729476984
7.1250000000000	0.13180021076185	-0.096013568904704
7.1300000000000	0.13131074430358	-0.096869031873076
7.1350000000000	0.13081574035589	-0.097722082602094
7.1400000000000	0.13031521019568	-0.098572685358328
7.1450000000000	0.12980916532969	-0.099420804456395
7.1500000000000	0.12929761749430	-0.10026640426044
7.1550000000000	0.12878057865536	-0.10110944918560
7.1600000000000	0.12825806100802	-0.10194990369947
7.1650000000000	0.12773007697654	-0.10278773232360
7.1700000000000	0.12719663921404	-0.10362289963495
7.1750000000000	0.12665776060234	-0.10445537026736
7.1800000000000	0.12611345425172	-0.10528510891301
7.1850000000000	0.12556373350066	-0.10611208032393
7.1900000000000	0.12500861191564	-0.10693624931342
7.1950000000000	0.12444810329087	-0.10775758075755
7.2000000000000	0.12388222164801	-0.10857603959662
7.2050000000000	0.12331098123593	-0.10939159083664
7.2100000000000	0.12273439653042	-0.11020419955076
7.2150000000000	0.12215248223389	-0.11101383088077
7.2200000000000	0.12156525327510	-0.11182045003857
7.2250000000000	0.12097272480880	-0.11262402230758
7.2300000000000	0.12037491221547	-0.11342451304427
7.2350000000000	0.11977183110096	-0.11422188767958
7.2400000000000	0.11916349729616	-0.11501611172038
7.2450000000000	0.11854992685666	-0.11580715075096
7.2500000000000	0.11793113606239	-0.11659497043445
7.2550000000000	0.11730714141724	-0.11737953651428
7.2600000000000	0.11667795964874	-0.11816081481568
7.2650000000000	0.11604360770759	-0.11893877124705
7.2700000000000	0.11540410276735	-0.11971337180150
7.2750000000000	0.11475946222399	-0.12048458255823
7.2800000000000	0.11410970369550	-0.12125236968403
7.2850000000000	0.11345484502146	-0.12201669943468
7.2900000000000	0.11279490426260	-0.12277753815643
7.2950000000000	0.11212989970038	-0.12353485228740
7.3000000000000	0.11145984983653	-0.12428860835909
7.3050000000000	0.11078477339259	-0.12503877299775
7.3100000000000	0.11010468930945	-0.12578531292583
7.3150000000000	0.10941961674687	-0.12652819496345
7.3200000000000	0.10872957508298	-0.12726738602978
7.3250000000000	0.10803458391381	-0.12800285314453
7.3300000000000	0.10733466305276	-0.12873456342931
7.3350000000000	0.10662983253010	-0.12946248410909
7.3400000000000	0.10592011259245	-0.13018658251365
7.3450000000000	0.10520552370222	-0.13090682607894
7.3500000000000	0.10448608653710	-0.13162318234852
7.3550000000000	0.10376182198950	-0.13233561897500
7.3600000000000	0.10303275116598	-0.13304410372142
7.3650000000000	0.10229889538667	-0.13374860446269
7.3700000000000	0.10156027618472	-0.13444908918693
7.3750000000000	0.10081691530570	-0.13514552599697
7.3800000000000	0.10006883470697	-0.13583788311167
7.3850000000000	0.099316056557141	-0.13652612886735
7.3900000000000	0.098558603235387	-0.13721023171919
7.3950000000000	0.097796497330866	-0.13789016024260
7.4000000000000	0.097029761642067	-0.13856588313462
7.4050000000000	0.096258419176170	-0.13923736921532
7.4100000000000	0.095482493148392	-0.13990458742915
7.4150000000000	0.094702006981330	-0.14056750684633
7.4200000000000	0.093916984304283	-0.14122609666422
7.4250000000000	0.093127448952575	-0.14188032620873
7.4300000000000	0.092333424966867	-0.14253016493562
7.4350000000000	0.091534936592457	-0.14317558243191
7.4400000000000	0.090732008278574	-0.14381654841723
7.4450000000000	0.089924664677660	-0.14445303274518
7.4500000000000	0.089112930644647	-0.14508500540467
7.4550000000000	0.088296831236220	-0.14571243652127
7.4600000000000	0.087476391710077	-0.14633529635858
7.4650000000000	0.086651637524174	-0.14695355531953
7.4700000000000	0.085822594335964	-0.14756718394774
7.4750000000000	0.084989288001633	-0.14817615292887
7.4800000000000	0.084151744575311	-0.14878043309189
7.4850000000000	0.083309990308294	-0.14937999541049
7.4900000000000	0.082464051648239	-0.14997481100432
7.4950000000000	0.081613955238367	-0.15056485114035
7.5000000000000	0.080759727916645	-0.15115008723415
7.5050000000000	0.079901396714960	-0.15173049085125
7.5100000000000	0.079038988858293	-0.15230603370838
7.5150000000000	0.078172531763876	-0.15287668767480
7.5200000000000	0.077302053040345	-0.15344242477360
7.5250000000000	0.076427580486877	-0.15400321718295
7.5300000000000	0.075549142092332	-0.15455903723745
7.5350000000000	0.074666766034372	-0.15510985742934
7.5400000000000	0.073780480678578	-0.15565565040980
7.5450000000000	0.072890314577562	-0.15619638899024
7.5500000000000	0.071996296470063	-0.15673204614352
7.5550000000000	0.071098455280038	-0.15726259500526
7.5600000000000	0.070196820115746	-0.15778800887505
7.5650000000000	0.069291420268824	-0.15830826121771
7.5700000000000	0.068382285213346	-0.15882332566455
7.5750000000000	0.067469444604887	-0.15933317601460
7.5800000000000	0.066552928279571	-0.15983778623584
7.5850000000000	0.065632766253107	-0.16033713046640
7.5900000000000	0.064708988719827	-0.16083118301585
7.5950000000000	0.063781626051706	-0.16131991836633
7.6000000000000	0.062850708797380	-0.16180331117384
7.6050000000000	0.061916267681155	-0.16228133626939
7.6100000000000	0.060978333602001	-0.16275396866022
7.6150000000000	0.060036937632550	-0.16322118353101
7.6200000000000	0.059092111018077	-0.16368295624502
7.6250000000000	0.058143885175471	-0.16413926234533
7.6300000000000	0.057192291692209	-0.16459007755597
7.6350000000000	0.056237362325312	-0.16503537778312
7.6400000000000	0.055279129000295	-0.16547513911624
7.6450000000000	0.054317623810114	-0.16590933782928
7.6500000000000	0.053352879014098	-0.16633795038178
7.6550000000000	0.052384927036878	-0.16676095342004
7.6600000000000	0.051413800467308	-0.16717832377826
7.6650000000000	0.050439532057377	-0.16759003847966
7.6700000000000	0.049462154721110	-0.16799607473761
7.6750000000000	0.048481701533470	-0.16839640995678
7.6800000000000	0.047498205729245	-0.16879102173420
7.6850000000000	0.046511700701929	-0.16917988786042
7.6900000000000	0.045522220002594	-0.16956298632056
7.6950000000000	0.044529797338763	-0.16994029529544
7.7000000000000	0.043534466573261	-0.17031179316267
7.7050000000000	0.042536261723074	-0.17067745849771
7.7100000000000	0.041535216958188	-0.17103727007493
7.7150000000000	0.040531366600430	-0.17139120686872
7.7200000000000	0.039524745122292	-0.17173924805453
7.7250000000000	0.038515387145762	-0.17208137300990
7.7300000000000	0.037503327441130	-0.17241756131555
7.7350000000000	0.036488600925805	-0.17274779275637
7.7400000000000	0.035471242663106	-0.17307204732249
7.7450000000000	0.034451287861067	-0.17339030521030
7.7500000000000	0.033428771871217	-0.17370254682345
7.7550000000000	0.032403730187360	-0.17400875277386
7.7600000000000	0.031376198444352	-0.17430890388274
7.7650000000000	0.030346212416865	-0.17460298118159
7.7700000000000	0.029313808018146	-0.17489096591316
7.7750000000000	0.028279021298772	-0.17517283953244
7.7800000000000	0.027241888445393	-0.17544858370768
7.7850000000000	0.026202445779475	-0.17571818032126
7.7900000000000	0.025160729756029	-0.17598161147076
7.7950000000000	0.024116776962342	-0.17623885946981
7.8000000000000	0.023070624116692	-0.17648990684910
7.8050000000000	0.022022308067065	-0.17673473635730
7.8100000000000	0.020971865789860	-0.17697333096198
7.8150000000000	0.019919334388591	-0.17720567385052
7.8200000000000	0.018864751092581	-0.17743174843104
7.8250000000000	0.017808153255649	-0.17765153833331
7.8300000000000	0.016749578354795	-0.17786502740962
7.8350000000000	0.015689063988871	-0.17807219973570
7.8400000000000	0.014626647877256	-0.17827303961158
7.8450000000000	0.013562367858517	-0.17846753156247
7.8500000000000	0.012496261889069	-0.17865566033962
7.8550000000000	0.011428368041823	-0.17883741092118
7.8600000000000	0.010358724504836	-0.17901276851306
7.8650000000000	0.0092873695799494	-0.17918171854975
7.8700000000000	0.0082143416814245	-0.17934424669518
7.8750000000000	0.0071396793345706	-0.17950033884351
7.8800000000000	0.0060634211743683	-0.17964998111998
7.8850000000000	0.0049856059440872	-0.17979315988170
7.8900000000000	0.0039062724938980	-0.17992986171844
7.8950000000000	0.0028254597794796	-0.18006007345346
7.9000000000000	0.0017432068606182	-0.18018378214426
7.9050000000000	0.00065955289980543	-0.18030097508335
7.9100000000000	-0.00042546283917362	-0.18041163979907
7.9150000000000	-0.0015118009926529	-0.18051576405628
7.9200000000000	-0.0025994220985081	-0.18061333585715
7.9250000000000	-0.0036882865975810	-0.18070434344189
7.9300000000000	-0.0047783548351102	-0.18078877528951
7.9350000000000	-0.0058695870621670	-0.18086662011850
7.9400000000000	-0.0069619434370960	-0.18093786688758
7.9450000000000	-0.0080553840269629	-0.18100250479641
7.9500000000000	-0.0091498688090024	-0.18106052328625
7.9550000000000	-0.010245357672076	-0.18111191204072
7.9600000000000	-0.011341810418135	-0.18115666098641
7.9650000000000	-0.012439186763679	-0.18119476029361
7.9700000000000	-0.013537446341237	-0.18122620037695
7.9750000000000	-0.014636548700834	-0.18125097189606
7.9800000000000	-0.015736453311476	-0.18126906575623
7.9850000000000	-0.016837119562631	-0.18128047310901
7.9900000000000	-0.017938506765725	-0.18128518535292
7.9950000000000	-0.019040574155630	-0.18128319413398
8.0000000000000	-0.020143280892166	-0.18127449134641
8.0050000000000	-0.021246586061605	-0.18125906913317
8.0100000000000	-0.022350448678177	-0.18123691988658
8.0150000000000	-0.023454827685586	-0.18120803624892
8.0200000000000	-0.024559681958522	-0.18117241111301
8.0250000000000	-0.025664970304191	-0.18113003762274
8.0300000000000	-0.026770651463832	-0.18108090917368
8.0350000000000	-0.027876684114255	-0.18102501941360
8.0400000000000	-0.028983026869369	-0.18096236224305
8.0450000000000	-0.030089638281730	-0.18089293181584
8.0500000000000	-0.031196476844077	-0.18081672253961
8.0550000000000	-0.032303500990882	-0.18073372907634
8.0600000000000	-0.033410669099906	-0.18064394634283
8.0650000000000	-0.034517939493750	-0.18054736951123
8.0700000000000	-0.035625270441421	-0.18044399400953
8.0750000000000	-0.036732620159890	-0.18033381552199
8.0800000000000	-0.037839946815668	-0.18021682998968
8.0850000000000	-0.038947208526376	-0.18009303361089
8.0900000000000	-0.040054363362320	-0.17996242284161
8.0950000000000	-0.041161369348077	-0.17982499439595
8.1000000000000	-0.042268184464073	-0.17968074524659
8.1050000000000	-0.043374766648180	-0.17952967262520
8.1100000000000	-0.044481073797303	-0.17937177402286
8.1150000000000	-0.045587063768980	-0.17920704719043
8.1200000000000	-0.046692694382980	-0.17903549013900
8.1250000000000	-0.047797923422908	-0.17885710114023
8.1300000000000	-0.048902708637815	-0.17867187872674
8.1350000000000	-0.050007007743807	-0.17847982169248
8.1400000000000	-0.051110778425661	-0.17828092909308
8.1450000000000	-0.052213978338444	-0.17807520024620
8.1500000000000	-0.053316565109135	-0.17786263473184
8.1550000000000	-0.054418496338251	-0.17764323239272
8.1600000000000	-0.055519729601475	-0.17741699333454
8.1650000000000	-0.056620222451288	-0.17718391792632
8.1700000000000	-0.057719932418607	-0.17694400680067
8.1750000000000	-0.058818817014422	-0.17669726085409
8.1800000000000	-0.059916833731433	-0.17644368124724
8.1850000000000	-0.061013940045707	-0.17618326940523
8.1900000000000	-0.062110093418309	-0.17591602701780
8.1950000000000	-0.063205251296969	-0.17564195603966
8.2000000000000	-0.064299371117723	-0.17536105869065
8.2050000000000	-0.065392410306576	-0.17507333745598
8.2100000000000	-0.066484326281155	-0.17477879508646
8.2150000000000	-0.067575076452376	-0.17447743459870
8.2200000000000	-0.068664618226103	-0.17416925927526
8.2250000000000	-0.069752909004818	-0.17385427266489
8.2300000000000	-0.070839906189284	-0.17353247858263
8.2350000000000	-0.071925567180220	-0.17320388111004
8.2400000000000	-0.073009849379971	-0.17286848459530
8.2450000000000	-0.074092710194183	-0.17252629365334
8.2500000000000	-0.075174107033480	-0.17217731316601
8.2550000000000	-0.076253997315139	-0.17182154828216
8.2600000000000	-0.077332338464778	-0.17145900441775
8.2650000000000	-0.078409087918026	-0.17108968725592
8.2700000000000	-0.079484203122215	-0.17071360274714
8.2750000000000	-0.080557641538061	-0.17033075710921
8.2800000000000	-0.081629360641351	-0.16994115682735
8.2850000000000	-0.082699317924629	-0.16954480865423
8.2900000000000	-0.083767470898884	-0.16914171961005
8.2950000000000	-0.084833777095241	-0.16873189698253
8.3000000000000	-0.085898194066650	-0.16831534832691
8.3050000000000	-0.086960679389575	-0.16789208146600
8.3100000000000	-0.088021190665692	-0.16746210449016
8.3150000000000	-0.089079685523575	-0.16702542575725
8.3200000000000	-0.090136121620395	-0.16658205389265
8.3250000000000	-0.091190456643607	-0.16613199778917
8.3300000000000	-0.092242648312650	-0.16567526660704
8.3350000000000	-0.093292654380641	-0.16521186977384
8.3400000000000	-0.094340432636064	-0.16474181698440
8.3450000000000	-0.095385940904472	-0.16426511820075
8.3500000000000	-0.096429137050179	-0.16378178365201
8.3550000000000	-0.097469978977953	-0.16329182383428
8.3600000000000	-0.098508424634714	-0.16279524951053
8.3650000000000	-0.099544432011227	-0.16229207171048
8.3700000000000	-0.10057795914380	-0.16178230173044
8.3750000000000	-0.10160896411596	-0.16126595113318
8.3800000000000	-0.10263740506018	-0.16074303174775
8.3850000000000	-0.10366324015956	-0.16021355566934
8.3900000000000	-0.10468642764948	-0.15967753525905
8.3950000000000	-0.10570692581935	-0.15913498314374
8.4000000000000	-0.10672469301427	-0.15858591221582
8.4050000000000	-0.10773968763674	-0.15803033563301
8.4100000000000	-0.10875186814832	-0.15746826681813
8.4150000000000	-0.10976119307134	-0.15689971945885
8.4200000000000	-0.11076762099059	-0.15632470750749
8.4250000000000	-0.11177111055498	-0.15574324518070
8.4300000000000	-0.11277162047927	-0.15515534695921
8.4350000000000	-0.11376910954572	-0.15456102758758
8.4400000000000	-0.11476353660578	-0.15396030207388
8.4450000000000	-0.11575486058179	-0.15335318568938
8.4500000000000	-0.11674304046861	-0.15273969396827
8.4550000000000	-0.11772803533538	-0.15211984270733
8.4600000000000	-0.11870980432713	-0.15149364796557
8.4650000000000	-0.11968830666646	-0.15086112606391
8.4700000000000	-0.12066350165527	-0.15022229358482
8.4750000000000	-0.12163534867636	-0.14957716737197
8.4800000000000	-0.12260380719517	-0.14892576452983
8.4850000000000	-0.12356883676138	-0.14826810242328
8.4900000000000	-0.12453039701065	-0.14760419867725
8.4950000000000	-0.12548844766621	-0.14693407117628
8.5000000000000	-0.12644294854060	-0.14625773806411
8.5050000000000	-0.12739385953726	-0.14557521774327
8.5100000000000	-0.12834114065224	-0.14488652887461
8.5150000000000	-0.12928475197585	-0.14419169037687
8.5200000000000	-0.13022465369427	-0.14349072142623
8.5250000000000	-0.13116080609127	-0.14278364145581
8.5300000000000	-0.13209316954983	-0.14207047015522
8.5350000000000	-0.13302170455375	-0.14135122747005
8.5400000000000	-0.13394637168938	-0.14062593360139
8.5450000000000	-0.13486713164719	-0.13989460900530
8.5500000000000	-0.13578394522343	-0.13915727439226
8.5550000000000	-0.13669677332179	-0.13841395072672
8.5600000000000	-0.13760557695501	-0.13766465922648
8.5650000000000	-0.13851031724654	-0.13690942136218
8.5700000000000	-0.13941095543213	-0.13614825885669
8.5750000000000	-0.14030745286149	-0.13538119368460
8.5800000000000	-0.14119977099992	-0.13460824807160
8.5850000000000	-0.14208787142989	-0.13382944449388
8.5900000000000	-0.14297171585271	-0.13304480567755
8.5950000000000	-0.14385126609010	-0.13225435459799
8.6000000000000	-0.14472648408584	-0.13145811447928
8.6050000000000	-0.14559733190736	-0.13065610879349
8.6100000000000	-0.14646377174733	-0.12984836126011
8.6150000000000	-0.14732576592530	-0.12903489584535
8.6200000000000	-0.14818327688928	-0.12821573676148
8.6250000000000	-0.14903626721734	-0.12739090846618
8.6300000000000	-0.14988469961917	-0.12656043566180
8.6350000000000	-0.15072853693775	-0.12572434329473
8.6400000000000	-0.15156774215083	-0.12488265655464
8.6450000000000	-0.15240227837260	-0.12403540087380
8.6500000000000	-0.15323210885524	-0.12318260192633
8.6550000000000	-0.15405719699045	-0.12232428562748
8.6600000000000	-0.15487750631111	-0.12146047813286
8.6650000000000	-0.15569300049275	-0.12059120583771
8.6700000000000	-0.15650364335520	-0.11971649537612
8.6750000000000	-0.15730939886408	-0.11883637362026
8.6800000000000	-0.15811023113239	-0.11795086767959
8.6850000000000	-0.15890610442207	-0.11706000490004
8.6900000000000	-0.15969698314550	-0.11616381286326
8.6950000000000	-0.16048283186711	-0.11526231938574
8.7000000000000	-0.16126361530485	-0.11435555251803
8.7050000000000	-0.16203929833177	-0.11344354054386
8.7100000000000	-0.16280984597754	-0.11252631197935
8.7150000000000	-0.16357522342995	-0.11160389557211
8.7200000000000	-0.16433539603647	-0.11067632030037
8.7250000000000	-0.16509032930574	-0.10974361537215
8.7300000000000	-0.16583998890907	-0.10880581022432
8.7350000000000	-0.16658434068198	-0.10786293452173
8.7400000000000	-0.16732335062568	-0.10691501815633
8.7450000000000	-0.16805698490857	-0.10596209124619
8.7500000000000	-0.16878520986773	-0.10500418413464
8.7550000000000	-0.16950799201042	-0.10404132738930
8.7600000000000	-0.17022529801554	-0.10307355180113
8.7650000000000	-0.17093709473512	-0.10210088838351
8.7700000000000	-0.17164334919580	-0.10112336837126
8.7750000000000	-0.17234402860026	-0.10014102321963
8.7800000000000	-0.17303910032872	-0.099153884603381
8.7850000000000	-0.17372853194041	-0.098161984415749
8.7900000000000	-0.17441229117494	-0.097165354767457
8.7950000000000	-0.17509034595385	-0.096164027985699
8.8000000000000	-0.17576266438194	-0.095158036613125
8.8050000000000	-0.17642921474882	-0.094147413406804
8.8100000000000	-0.17708996553023	-0.093132191337189
8.8150000000000	-0.17774488538953	-0.092112403587064
8.8200000000000	-0.17839394317910	-0.091088083550487
8.8250000000000	-0.17903710794174	-0.090059264831723
8.8300000000000	-0.17967434891208	-0.089025981244163
8.8350000000000	-0.18030563551798	-0.087988266809242
8.8400000000000	-0.18093093738194	-0.086946155755338
8.8450000000000	-0.18155022432245	-0.085899682516670
8.8500000000000	-0.18216346635539	-0.084848881732183
8.8550000000000	-0.18277063369542	-0.083793788244425
8.8600000000000	-0.18337169675732	-0.082734437098412
8.8650000000000	-0.18396662615737	-0.081670863540487
8.8700000000000	-0.18455539271469	-0.080603103017172
8.8750000000000	-0.18513796745261	-0.079531191174004
8.8800000000000	-0.18571432159998	-0.078455163854369
8.8850000000000	-0.18628442659256	-0.077375057098320
8.8900000000000	-0.18684825407429	-0.076290907141396
8.8950000000000	-0.18740577589863	-0.075202750413421
8.9000000000000	-0.18795696412990	-0.074110623537305
8.9050000000000	-0.18850179104456	-0.073014563327822
8.9100000000000	-0.18904022913254	-0.071914606790397
8.9150000000000	-0.18957225109850	-0.070810791119869
8.9200000000000	-0.19009782986314	-0.069703153699253
8.9250000000000	-0.19061693856448	-0.068591732098493
8.9300000000000	-0.19112955055913	-0.067476564073202
8.9350000000000	-0.19163563942356	-0.066357687563401
8.9400000000000	-0.19213517895536	-0.065235140692238
8.9450000000000	-0.19262814317446	-0.064108961764712
8.9500000000000	-0.19311450632445	-0.062979189266378
8.9550000000000	-0.19359424287373	-0.061845861862048
8.9600000000000	-0.19406732751681	-0.060709018394486
8.9650000000000	-0.19453373517548	-0.059568697883084
8.9700000000000	-0.19499344100005	-0.058424939522546
8.9750000000000	-0.19544642037058	-0.057277782681551
8.9800000000000	-0.19589264889803	-0.056127266901410
8.9850000000000	-0.19633210242548	-0.054973431894720
8.9900000000000	-0.19676475702931	-0.053816317544004
8.9950000000000	-0.19719058902038	-0.052655963900348
9.0000000000000	-0.19760957494519	-0.051492411182024
9.0050000000000	-0.19802169158705	-0.050325699773111
9.0100000000000	-0.19842691596722	-0.049155870222102
9.0150000000000	-0.19882522534606	-0.047982963240510
9.0200000000000	-0.19921659722417	-0.046807019701462
9.0250000000000	-0.19960100934351	-0.045628080638283
9.0300000000000	-0.19997843968853	-0.044446187243075
9.0350000000000	-0.20034886648727	-0.043261380865294
9.0400000000000	-0.20071226821246	-0.042073703010304
9.0450000000000	-0.20106862358264	-0.040883195337941
9.0500000000000	-0.20141791156322	-0.039689899661057
9.0550000000000	-0.20176011136755	-0.038493857944060
9.0600000000000	-0.20209520245802	-0.037295112301451
9.0650000000000	-0.20242316454711	-0.036093704996344
9.0700000000000	-0.20274397759842	-0.034889678438993
9.0750000000000	-0.20305762182774	-0.033683075185291
9.0800000000000	-0.20336407770407	-0.032473937935284
9.0850000000000	-0.20366332595064	-0.031262309531662
9.0900000000000	-0.20395534754594	-0.030048232958250
9.0950000000000	-0.20424012372475	-0.028831751338489
9.1000000000000	-0.20451763597905	-0.027612907933912
9.1050000000000	-0.20478786605914	-0.026391746142610
9.1100000000000	-0.20505079597449	-0.025168309497696
9.1150000000000	-0.20530640799481	-0.023942641665756
9.1200000000000	-0.20555468465096	-0.022714786445295
9.1250000000000	-0.20579560873592	-0.021484787765183
9.1300000000000	-0.20602916330573	-0.020252689683082
9.1350000000000	-0.20625533168042	-0.019018536383874
9.1400000000000	-0.20647409744495	-0.017782372178086
9.1450000000000	-0.20668544445011	-0.016544241500297
9.1500000000000	-0.20688935681343	-0.015304188907548
9.1550000000000	-0.20708581892007	-0.014062259077741
9.1600000000000	-0.20727481542372	-0.012818496808035
9.1650000000000	-0.20745633124749	-0.011572947013232
9.1700000000000	-0.20763035158473	-0.010325654724155
9.1750000000000	-0.20779686189994	-0.0090766650860310
9.1800000000000	-0.20795584792958	-0.0078260233568505
9.1850000000000	-0.20810729568293	-0.0065737749057364
9.1900000000000	-0.20825119144292	-0.0053199652112954
9.1950000000000	-0.20838752176692	-0.0040646398599754
9.2000000000000	-0.20851627348761	-0.0028078445444006
9.2050000000000	-0.20863743371368	-0.0015496250617171
9.2100000000000	-0.20875098983074	-0.00029002731192218
9.2150000000000	-0.20885692950199	0.00097090270380823
9.2200000000000	-0.20895524066905	0.0022331188847982
9.2250000000000	-0.20904591155272	0.0034965750325592
9.2300000000000	-0.20912893065368	0.0047612248524751
9.2350000000000	-0.20920428675328	0.0060270219555037
9.2400000000000	-0.20927196891424	0.0072939198598752
9.2450000000000	-0.20933196648138	0.0085618719928003
9.2500000000000	-0.20938426908231	0.0098308316921800
9.2550000000000	-0.20942886662816	0.011100752208328
9.2600000000000	-0.20946574931422	0.012371586705689
9.2650000000000	-0.20949490762065	0.013643288264569
9.2700000000000	-0.20951633231314	0.014915809882869
9.2750000000000	-0.20953001444355	0.016189104477819
9.2800000000000	-0.20953594535057	0.017463124887728
9.2850000000000	-0.20953411666035	0.018737823873727
9.2900000000000	-0.20952452028711	0.020013154121524
9.2950000000000	-0.20950714843377	0.021289068243163
9.3000000000000	-0.20948199359254	0.022565518778784
9.3050000000000	-0.20944904854551	0.023842458198390
9.3100000000000	-0.20940830636524	0.025119838903623
9.3150000000000	-0.20935976041532	0.026397613229539
9.3200000000000	-0.20930340435092	0.027675733446383
9.3250000000000	-0.20923923211937	0.028954151761383
9.3300000000000	-0.20916723796064	0.030232820320536
9.3350000000000	-0.20908741640792	0.031511691210399
9.3400000000000	-0.20899976228811	0.032790716459892
9.3450000000000	-0.20890427072231	0.034069848042097
9.3500000000000	-0.20880093712635	0.035349037876069
9.3550000000000	-0.20868975721121	0.036628237828637
9.3600000000000	-0.20857072698356	0.037907399716228
9.3650000000000	-0.20844384274617	0.039186475306680
9.3700000000000	-0.20830910109836	0.040465416321067
9.3750000000000	-0.20816649893647	0.041744174435520
9.3800000000000	-0.20801603345424	0.043022701283061
9.3850000000000	-0.20785770214325	0.044300948455434
9.3900000000000	-0.20769150279332	0.045578867504939
9.3950000000000	-0.20751743349289	0.046856409946277
9.4000000000000	-0.20733549262940	0.048133527258389
9.4050000000000	-0.20714567888967	0.049410170886305
9.4100000000000	-0.20694799126025	0.050686292242988
9.4150000000000	-0.20674242902775	0.051961842711196
9.4200000000000	-0.20652899177920	0.053236773645332
9.4250000000000	-0.20630767940233	0.054511036373303
9.4300000000000	-0.20607849208594	0.055784582198382
9.4350000000000	-0.20584143032014	0.057057362401075
9.4400000000000	-0.20559649489666	0.058329328240988
9.4450000000000	-0.20534368690914	0.059600430958691
9.4500000000000	-0.20508300775336	0.060870621777600
9.4550000000000	-0.20481445912753	0.062139851905848
9.4600000000000	-0.20453804303249	0.063408072538160
9.4650000000000	-0.20425376177197	0.064675234857739
9.4700000000000	-0.20396161795278	0.065941290038142
9.4750000000000	-0.20366161448504	0.067206189245174
9.4800000000000	-0.20335375458235	0.068469883638762
9.4850000000000	-0.20303804176199	0.069732324374856
9.4900000000000	-0.20271447984507	0.070993462607314
9.4950000000000	-0.20238307295669	0.072253249489798
9.5000000000000	-0.20204382552611	0.073511636177662
9.5050000000000	-0.20169674228685	0.074768573829861
9.5100000000000	-0.20134182827683	0.076024013610837
9.5150000000000	-0.20097908883846	0.077277906692425
9.5200000000000	-0.20060852961878	0.078530204255756
9.5250000000000	-0.20023015656948	0.079780857493156
9.5300000000000	-0.19984397594704	0.081029817610053
9.5350000000000	-0.19944999431273	0.082277035826880
9.5400000000000	-0.19904821853273	0.083522463380988
9.5450000000000	-0.19863865577808	0.084766051528545
9.5500000000000	-0.19822131352478	0.086007751546456
9.5550000000000	-0.19779619955377	0.087247514734264
9.5600000000000	-0.19736332195093	0.088485292416065
9.5650000000000	-0.19692268910706	0.089721035942423
9.5700000000000	-0.19647430971790	0.090954696692275
9.5750000000000	-0.19601819278404	0.092186226074853
9.5800000000000	-0.19555434761090	0.093415575531592
9.5850000000000	-0.19508278380866	0.094642696538049
9.5900000000000	-0.19460351129221	0.095867540605814
9.5950000000000	-0.19411654028104	0.097090059284427
9.6000000000000	-0.19362188129915	0.098310204163297
9.6050000000000	-0.19311954517494	0.099527926873612
9.6100000000000	-0.19260954304110	0.10074317909026
9.6150000000000	-0.19209188633447	0.10195591253374
9.6200000000000	-0.19156658679590	0.10316607897208
9.6250000000000	-0.19103365647006	0.10437363022276
9.6300000000000	-0.19049310770534	0.10557851815462
9.6350000000000	-0.18994495315359	0.10678069468977
9.6400000000000	-0.18938920576996	0.10798011180552
9.6450000000000	-0.18882587881272	0.10917672153629
9.6500000000000	-0.18825498584300	0.11037047597550
9.6550000000000	-0.18767654072457	0.11156132727753
9.6600000000000	-0.18709055762361	0.11274922765958
9.6650000000000	-0.18649705100843	0.11393412940364
9.6700000000000	-0.18589603564925	0.11511598485834
9.6750000000000	-0.18528752661785	0.11629474644091
9.6800000000000	-0.18467153928734	0.11747036663906
9.6850000000000	-0.18404808933182	0.11864279801289
9.6900000000000	-0.18341719272609	0.11981199319682
9.6950000000000	-0.18277886574530	0.12097790490147
9.7000000000000	-0.18213312496458	0.12214048591557
9.7050000000000	-0.18147998725879	0.12329968910786
9.7100000000000	-0.18081946980202	0.12445546742902
9.7150000000000	-0.18015159006731	0.12560777391353
9.7200000000000	-0.17947636582623	0.12675656168158
9.7250000000000	-0.17879381514847	0.12790178394098
9.7300000000000	-0.17810395640142	0.12904339398904
9.7350000000000	-0.17740680824978	0.13018134521447
9.7400000000000	-0.17670238965508	0.13131559109927
9.7450000000000	-0.17599071987524	0.13244608522060
9.7500000000000	-0.17527181846413	0.13357278125270
9.7550000000000	-0.17454570527106	0.13469563296875
9.7600000000000	-0.17381240044032	0.13581459424274
9.7650000000000	-0.17307192441068	0.13692961905138
9.7700000000000	-0.17232429791484	0.13804066147596
9.7750000000000	-0.17156954197896	0.13914767570422
9.7800000000000	-0.17080767792211	0.14025061603223
9.7850000000000	-0.17003872735567	0.14134943686626
9.7900000000000	-0.16926271218285	0.14244409272462
9.7950000000000	-0.16847965459807	0.14353453823956
9.8000000000000	-0.16768957708639	0.14462072815911
9.8050000000000	-0.16689250242290	0.14570261734892
9.8100000000000	-0.16608845367213	0.14678016079415
9.8150000000000	-0.16527745418743	0.14785331360129
9.8200000000000	-0.16445952761032	0.14892203100003
9.8250000000000	-0.16363469786987	0.14998626834507
9.8300000000000	-0.16280298918203	0.15104598111799
9.8350000000000	-0.16196442604895	0.15210112492908
9.8400000000000	-0.16111903325834	0.15315165551917
9.8450000000000	-0.16026683588274	0.15419752876144
9.8500000000000	-0.15940785927885	0.15523870066327
9.8550000000000	-0.15854212908677	0.15627512736805
9.8600000000000	-0.15766967122933	0.15730676515701
9.8650000000000	-0.15679051191130	0.15833357045100
9.8700000000000	-0.15590467761869	0.15935549981234
9.8750000000000	-0.15501219511794	0.16037250994659
9.8800000000000	-0.15411309145518	0.16138455770435
9.8850000000000	-0.15320739395543	0.16239160008311
9.8900000000000	-0.15229513022181	0.16339359422897
9.8950000000000	-0.15137632813475	0.16439049743845
9.9000000000000	-0.15045101585111	0.16538226716030
9.9050000000000	-0.14951922180343	0.16636886099725
9.9100000000000	-0.14858097469903	0.16735023670776
9.9150000000000	-0.14763630351918	0.16832635220785
9.9200000000000	-0.14668523751823	0.16929716557281
9.9250000000000	-0.14572780622273	0.17026263503898
9.9300000000000	-0.14476403943054	0.17122271900549
9.9350000000000	-0.14379396720995	0.17217737603602
9.9400000000000	-0.14281761989875	0.17312656486052
9.9450000000000	-0.14183502810332	0.17407024437698
9.9500000000000	-0.14084622269767	0.17500837365313
9.9550000000000	-0.13985123482255	0.17594091192819
9.9600000000000	-0.13885009588444	0.17686781861457
9.9650000000000	-0.13784283755462	0.17778905329957
9.9700000000000	-0.13682949176816	0.17870457574716
9.9750000000000	-0.13581009072299	0.17961434589958
9.9800000000000	-0.13478466687882	0.18051832387912
9.9850000000000	-0.13375325295620	0.18141646998978
9.9900000000000	-0.13271588193547	0.18230874471894
9.9950000000000	-0.13167258705571	0.18319510873906
10.000000000000	-0.13062340181376	0.18407552290935
