#
#"Frequency / GHz"	"S1,1 [Real/Imaginary Part] [Re]"	"S1,1 [Real/Imaginary Part] [Im]"
#-------------------------------------------------------------------------------------
5.0000000000000	0.93508384453149	0.33513678753661
5.0050000000000	0.93705589127624	0.32954295648397
5.0100000000000	0.93899448576074	0.32393745188679
5.0150000000000	0.94089955852989	0.31832047372646
5.0200000000000	0.94277104132192	0.31269222239883
5.0250000000000	0.94460886707097	0.30705289870720
5.0300000000000	0.94641296990946	0.30140270385521
5.0350000000000	0.94818328517057	0.29574183943970
5.0400000000000	0.94991974939059	0.29007050744363
5.0450000000000	0.95162230031129	0.28438891022894
5.0500000000000	0.95329087688215	0.27869725052938
5.0550000000000	0.95492541926267	0.27299573144334
5.0600000000000	0.95652586882455	0.26728455642671
5.0650000000000	0.95809216815386	0.26156392928563
5.0700000000000	0.95962426105319	0.25583405416932
5.0750000000000	0.96112209254367	0.25009513556284
5.0800000000000	0.96258560886707	0.24434737827987
5.0850000000000	0.96401475748779	0.23859098745545
5.0900000000000	0.96540948709476	0.23282616853869
5.0950000000000	0.96676974760342	0.22705312728557
5.1000000000000	0.96809549015753	0.22127206975157
5.1050000000000	0.96938666713106	0.21548320228441
5.1100000000000	0.97064323212988	0.20968673151676
5.1150000000000	0.97186513999359	0.20388286435886
5.1200000000000	0.97305234679716	0.19807180799125
5.1250000000000	0.97420480985260	0.19225376985736
5.1300000000000	0.97532248771054	0.18642895765622
5.1350000000000	0.97640534016186	0.18059757933502
5.1400000000000	0.97745332823914	0.17475984308182
5.1450000000000	0.97846641421816	0.16891595731807
5.1500000000000	0.97944456161935	0.16306613069128
5.1550000000000	0.98038773520917	0.15721057206758
5.1600000000000	0.98129590100144	0.15134949052434
5.1650000000000	0.98216902625865	0.14548309534270
5.1700000000000	0.98300707949323	0.13961159600014
5.1750000000000	0.98381003046874	0.13373520216308
5.1800000000000	0.98457785020106	0.12785412367941
5.1850000000000	0.98531051095949	0.12196857057100
5.1900000000000	0.98600798626785	0.11607875302627
5.1950000000000	0.98667025090550	0.11018488139271
5.2000000000000	0.98729728090834	0.10428716616940
5.2050000000000	0.98788905356976	0.098385817999512
5.2100000000000	0.98844554744153	0.092481047662821
5.2150000000000	0.98896674233465	0.086573066068211
5.2200000000000	0.98945261932018	0.080662084246167
5.2250000000000	0.98990316073000	0.074748313341258
5.2300000000000	0.99031835015753	0.068831964604624
5.2350000000000	0.99069817245840	0.062913249386454
5.2400000000000	0.99104261375111	0.056992379128454
5.2450000000000	0.99135166141759	0.051069565356321
5.2500000000000	0.99162530410372	0.045145019672203
5.2550000000000	0.99186353171990	0.039218953747159
5.2600000000000	0.99206633544143	0.033291579313617
5.2650000000000	0.99223370770896	0.027363108157822
5.2700000000000	0.99236564222884	0.021433752112290
5.2750000000000	0.99246213397341	0.015503723048249
5.2800000000000	0.99252317918132	0.0095732328680864
5.2850000000000	0.99254877535773	0.0036424934977882
5.2900000000000	0.99253892127447	-0.0022882831206222
5.2950000000000	0.99249361697022	-0.0082188850366472
5.3000000000000	0.99241286375057	-0.014149100298879
5.3050000000000	0.99229666418808	-0.020078716962566
5.3100000000000	0.99214502212226	-0.026007523097179
5.3150000000000	0.99195794265953	-0.031935306793981
5.3200000000000	0.99173543217317	-0.037861856173593
5.3250000000000	0.99147749830311	-0.043786959393563
5.3300000000000	0.99118414995580	-0.049710404655935
5.3350000000000	0.99085539730398	-0.055631980214815
5.3400000000000	0.99049125178638	-0.061551474383941
5.3450000000000	0.99009172610742	-0.067468675544247
5.3500000000000	0.98965683423686	-0.073383372151428
5.3550000000000	0.98918659140935	-0.079295352743504
5.3600000000000	0.98868101412403	-0.085204405948382
5.3650000000000	0.98814012014396	-0.091110320491418
5.3700000000000	0.98756392849565	-0.097012885202966
5.3750000000000	0.98695245946843	-0.10291188902594
5.3800000000000	0.98630573461379	-0.10880712102338
5.3850000000000	0.98562377674476	-0.11469837038595
5.3900000000000	0.98490660993512	-0.12058542643954
5.3950000000000	0.98415425951868	-0.12646807865280
5.4000000000000	0.98336675208843	-0.13234611664463
5.4050000000000	0.98254411549568	-0.13821933019176
5.4100000000000	0.98168637884916	-0.14408750923626
5.4150000000000	0.98079357251407	-0.14995044389308
5.4200000000000	0.97986572811107	-0.15580792445755
5.4250000000000	0.97890287851523	-0.16165974141287
5.4300000000000	0.97790505785498	-0.16750568543769
5.4350000000000	0.97687230151091	-0.17334554741354
5.4400000000000	0.97580464611466	-0.17917911843236
5.4450000000000	0.97470212954763	-0.18500618980396
5.4500000000000	0.97356479093978	-0.19082655306356
5.4550000000000	0.97239267066824	-0.19663999997918
5.4600000000000	0.97118581035602	-0.20244632255920
5.4650000000000	0.96994425287054	-0.20824531305974
5.4700000000000	0.96866804232224	-0.21403676399214
5.4750000000000	0.96735722406304	-0.21982046813043
5.4800000000000	0.96601184468483	-0.22559621851874
5.4850000000000	0.96463195201788	-0.23136380847869
5.4900000000000	0.96321759512917	-0.23712303161690
5.4950000000000	0.96176882432080	-0.24287368183230
5.5000000000000	0.96028569112818	-0.24861555332358
5.5050000000000	0.95876824831834	-0.25434844059658
5.5100000000000	0.95721654988809	-0.26007213847165
5.5150000000000	0.95563065106214	-0.26578644209101
5.5200000000000	0.95401060829128	-0.27149114692614
5.5250000000000	0.95235647925036	-0.27718604878509
5.5300000000000	0.95066832283636	-0.28287094381984
5.5350000000000	0.94894619916632	-0.28854562853361
5.5400000000000	0.94719016957530	-0.29420989978818
5.5450000000000	0.94540029661425	-0.29986355481117
5.5500000000000	0.94357664404784	-0.30550639120336
5.5550000000000	0.94171927685227	-0.31113820694594
5.5600000000000	0.93982826121303	-0.31675880040776
5.5650000000000	0.93790366452255	-0.32236797035262
5.5700000000000	0.93594555537794	-0.32796551594645
5.5750000000000	0.93395400357856	-0.33355123676460
5.5800000000000	0.93192908012362	-0.33912493279897
5.5850000000000	0.92987085720970	-0.34468640446527
5.5900000000000	0.92777940822824	-0.35023545261015
5.5950000000000	0.92565480776299	-0.35577187851839
5.6000000000000	0.92349713158742	-0.36129548392004
5.6050000000000	0.92130645666207	-0.36680607099756
5.6100000000000	0.91908286113187	-0.37230344239294
5.6150000000000	0.91682642432341	-0.37778740121478
5.6200000000000	0.91453722674218	-0.38325775104539
5.6250000000000	0.91221535006975	-0.38871429594789
5.6300000000000	0.90986087716093	-0.39415684047319
5.6350000000000	0.90747389204086	-0.39958518966712
5.6400000000000	0.90505447990206	-0.40499914907736
5.6450000000000	0.90260272710149	-0.41039852476050
5.6500000000000	0.90011872115748	-0.41578312328899
5.6550000000000	0.89760255074668	-0.42115275175816
5.6600000000000	0.89505430570098	-0.42650721779308
5.6650000000000	0.89247407700432	-0.43184632955557
5.6700000000000	0.88986195678952	-0.43716989575107
5.6750000000000	0.88721803833505	-0.44247772563556
5.6800000000000	0.88454241606172	-0.44776962902239
5.6850000000000	0.88183518552944	-0.45304541628918
5.6900000000000	0.87909644343378	-0.45830489838461
5.6950000000000	0.87632628760262	-0.46354788683528
5.7000000000000	0.87352481699269	-0.46877419375247
5.7050000000000	0.87069213168612	-0.47398363183893
5.7100000000000	0.86782833288687	-0.47917601439561
5.7150000000000	0.86493352291720	-0.48435115532843
5.7200000000000	0.86200780521407	-0.48950886915494
5.7250000000000	0.85905128432550	-0.49464897101107
5.7300000000000	0.85606406590685	-0.49977127665775
5.7350000000000	0.85304625671713	-0.50487560248756
5.7400000000000	0.84999796461526	-0.50996176553137
5.7450000000000	0.84691929855618	-0.51502958346495
5.7500000000000	0.84381036858711	-0.52007887461551
5.7550000000000	0.84067128584361	-0.52510945796829
5.7600000000000	0.83750216254565	-0.53012115317308
5.7650000000000	0.83430311199368	-0.53511378055072
5.7700000000000	0.83107424856461	-0.54008716109961
5.7750000000000	0.82781568770779	-0.54504111650214
5.7800000000000	0.82452754594090	-0.54997546913116
5.7850000000000	0.82120994084586	-0.55489004205634
5.7900000000000	0.81786299106465	-0.55978465905065
5.7950000000000	0.81448681629514	-0.56465914459662
5.8000000000000	0.81108153728684	-0.56951332389275
5.8050000000000	0.80764727583664	-0.57434702285979
5.8100000000000	0.80418415478450	-0.57916006814705
5.8150000000000	0.80069229800907	-0.58395228713864
5.8200000000000	0.79717183042335	-0.58872350795971
5.8250000000000	0.79362287797027	-0.59347355948269
5.8300000000000	0.79004556761819	-0.59820227133342
5.8350000000000	0.78644002735641	-0.60290947389736
5.8400000000000	0.78280638619068	-0.60759499832570
5.8450000000000	0.77914477413858	-0.61225867654143
5.8500000000000	0.77545532222493	-0.61690034124548
5.8550000000000	0.77173816247716	-0.62151982592272
5.8600000000000	0.76799342792061	-0.62611696484800
5.8650000000000	0.76422125257381	-0.63069159309212
5.8700000000000	0.76042177144374	-0.63524354652784
5.8750000000000	0.75659512052104	-0.63977266183578
5.8800000000000	0.75274143677518	-0.64427877651031
5.8850000000000	0.74886085814960	-0.64876172886549
5.8900000000000	0.74495352355682	-0.65322135804087
5.8950000000000	0.74101957287350	-0.65765750400732
5.9000000000000	0.73705914693547	-0.66207000757283
5.9050000000000	0.73307238753276	-0.66645871038826
5.9100000000000	0.72905943740453	-0.67082345495309
5.9150000000000	0.72502044023401	-0.67516408462110
5.9200000000000	0.72095554064340	-0.67948044360605
5.9250000000000	0.71686488418873	-0.68377237698732
5.9300000000000	0.71274861735468	-0.68803973071553
5.9350000000000	0.70860688754941	-0.69228235161809
5.9400000000000	0.70443984309925	-0.69650008740478
5.9450000000000	0.70024763324349	-0.70069278667326
5.9500000000000	0.69603040812905	-0.70486029891453
5.9550000000000	0.69178831880515	-0.70900247451840
5.9600000000000	0.68752151721791	-0.71311916477894
5.9650000000000	0.68323015620499	-0.71721022189980
5.9700000000000	0.67891438949010	-0.72127549899964
5.9750000000000	0.67457437167758	-0.72531485011741
5.9800000000000	0.67021025824687	-0.72932813021765
5.9850000000000	0.66582220554698	-0.73331519519576
5.9900000000000	0.66141037079094	-0.73727590188322
5.9950000000000	0.65697491205017	-0.74121010805276
6.0000000000000	0.65251598824890	-0.74511767242357
6.0050000000000	0.64803375915847	-0.74899845466637
6.0100000000000	0.64352838539166	-0.75285231540853
6.0150000000000	0.63900002839696	-0.75667911623914
6.0200000000000	0.63444885045283	-0.76047871971399
6.0250000000000	0.62987501466193	-0.76425098936060
6.0300000000000	0.62527868494525	-0.76799578968317
6.0350000000000	0.62066002603635	-0.77171298616746
6.0400000000000	0.61601920347545	-0.77540244528573
6.0450000000000	0.61135638360351	-0.77906403450156
6.0500000000000	0.60667173355633	-0.78269762227464
6.0550000000000	0.60196542125861	-0.78630307806560
6.0600000000000	0.59723761541789	-0.78988027234074
6.0650000000000	0.59248848551863	-0.79342907657670
6.0700000000000	0.58771820181609	-0.79694936326516
6.0750000000000	0.58292693533030	-0.80044100591750
6.0800000000000	0.57811485783995	-0.80390387906934
6.0850000000000	0.57328214187625	-0.80733785828516
6.0900000000000	0.56842896071678	-0.81074282016277
6.0950000000000	0.56355548837934	-0.81411864233786
6.1000000000000	0.55866189961570	-0.81746520348841
6.1050000000000	0.55374836990536	-0.82078238333911
6.1100000000000	0.54881507544933	-0.82407006266575
6.1150000000000	0.54386219316382	-0.82732812329956
6.1200000000000	0.53888990067390	-0.83055644813149
6.1250000000000	0.53389837630720	-0.83375492111650
6.1300000000000	0.52888779908752	-0.83692342727779
6.1350000000000	0.52385834872844	-0.84006185271097
6.1400000000000	0.51881020562690	-0.84317008458821
6.1450000000000	0.51374355085677	-0.84624801116238
6.1500000000000	0.50865856616238	-0.84929552177107
6.1550000000000	0.50355543395202	-0.85231250684070
6.1600000000000	0.49843433729143	-0.85529885789046
6.1650000000000	0.49329545989725	-0.85825446753627
6.1700000000000	0.48813898613048	-0.86117922949473
6.1750000000000	0.48296510098986	-0.86407303858697
6.1800000000000	0.47777399010530	-0.86693579074251
6.1850000000000	0.47256583973118	-0.86976738300305
6.1900000000000	0.46734083673979	-0.87256771352622
6.1950000000000	0.46209916861456	-0.87533668158932
6.2000000000000	0.45684102344339	-0.87807418759298
6.2050000000000	0.45156658991195	-0.88078013306485
6.2100000000000	0.44627605729691	-0.88345442066312
6.2150000000000	0.44096961545917	-0.88609695418015
6.2200000000000	0.43564745483706	-0.88870763854595
6.2250000000000	0.43030976643958	-0.89128637983168
6.2300000000000	0.42495674183952	-0.89383308525308
6.2350000000000	0.41958857316659	-0.89634766317387
6.2400000000000	0.41420545310063	-0.89883002310911
6.2450000000000	0.40880757486463	-0.90128007572850
6.2500000000000	0.40339513221787	-0.90369773285966
6.2550000000000	0.39796831944896	-0.90608290749139
6.2600000000000	0.39252733136889	-0.90843551377682
6.2650000000000	0.38707236330409	-0.91075546703659
6.2700000000000	0.38160361108938	-0.91304268376194
6.2750000000000	0.37612127106103	-0.91529708161779
6.2800000000000	0.37062554004967	-0.91751857944576
6.2850000000000	0.36511661537328	-0.91970709726714
6.2900000000000	0.35959469483011	-0.92186255628585
6.2950000000000	0.35405997669162	-0.92398487889132
6.3000000000000	0.34851265969535	-0.92607398866138
6.3050000000000	0.34295294303781	-0.92812981036502
6.3100000000000	0.33738102636737	-0.93015226996521
6.3150000000000	0.33179710977708	-0.93214129462158
6.3200000000000	0.32620139379751	-0.93409681269317
6.3250000000000	0.32059407938959	-0.93601875374100
6.3300000000000	0.31497536793737	-0.93790704853074
6.3350000000000	0.30934546124083	-0.93976162903519
6.3400000000000	0.30370456150865	-0.94158242843688
6.3450000000000	0.29805287135096	-0.94336938113045
6.3500000000000	0.29239059377208	-0.94512242272515
6.3550000000000	0.28671793216321	-0.94684149004719
6.3600000000000	0.28103509029522	-0.94852652114207
6.3650000000000	0.27534227231127	-0.95017745527691
6.3700000000000	0.26963968271950	-0.95179423294268
6.3750000000000	0.26392752638575	-0.95337679585640
6.3800000000000	0.25820600852616	-0.95492508696332
6.3850000000000	0.25247533469984	-0.95643905043904
6.3900000000000	0.24673571080147	-0.95791863169159
6.3950000000000	0.24098734305396	-0.95936377736344
6.4000000000000	0.23523043800102	-0.96077443533353
6.4050000000000	0.22946520249975	-0.96215055471918
6.4100000000000	0.22369184371323	-0.96349208587798
6.4150000000000	0.21791056910310	-0.96479898040969
6.4200000000000	0.21212158642208	-0.96607119115803
6.4250000000000	0.20632510370656	-0.96730867221242
6.4300000000000	0.20052132926910	-0.96851137890975
6.4350000000000	0.19471047169096	-0.96967926783602
6.4400000000000	0.18889273981463	-0.97081229682798
6.4450000000000	0.18306834273632	-0.97191042497473
6.4500000000000	0.17723748979845	-0.97297361261926
6.4550000000000	0.17140039058216	-0.97400182135994
6.4600000000000	0.16555725489974	-0.97499501405199
6.4650000000000	0.15970829278713	-0.97595315480884
6.4700000000000	0.15385371449639	-0.97687620900357
6.4750000000000	0.14799373048811	-0.97776414327016
6.4800000000000	0.14212855142388	-0.97861692550480
6.4850000000000	0.13625838815870	-0.97943452486710
6.4900000000000	0.13038345173343	-0.98021691178127
6.4950000000000	0.12450395336720	-0.98096405793728
6.5000000000000	0.11862010444981	-0.98167593629194
6.5050000000000	0.11273211653415	-0.98235252106991
6.5100000000000	0.10684020132858	-0.98299378776476
6.5150000000000	0.10094457068936	-0.98359971313989
6.5200000000000	0.095045436612972	-0.98417027522945
6.5250000000000	0.089143011228560	-0.98470545333919
6.5300000000000	0.083237506790276	-0.98520522804728
6.5350000000000	0.077329135669652	-0.98566958120512
6.5400000000000	0.071418110347969	-0.98609849593800
6.5450000000000	0.065504643408616	-0.98649195664584
6.5500000000000	0.059588947529442	-0.98684994900380
6.5550000000000	0.053671235475114	-0.98717245996287
6.5600000000000	0.047751720089455	-0.98745947775041
6.5650000000000	0.041830614287805	-0.98771099187066
6.5700000000000	0.035908131049338	-0.98792699310517
6.5750000000000	0.029984483409422	-0.98810747351325
6.5800000000000	0.024059884451944	-0.98825242643226
6.5850000000000	0.018134547301645	-0.98836184647800
6.5900000000000	0.012208685116448	-0.98843572954493
6.5950000000000	0.0062825110797915	-0.98847407280640
6.6000000000000	0.00035623839295479	-0.98847687471483
6.6050000000000	-0.0055699197326170	-0.98844413500185
6.6100000000000	-0.011495750082987	-0.98837585467836
6.6150000000000	-0.017421039449402	-0.98827203603461
6.6200000000000	-0.023345574635971	-0.98813268264013
6.6250000000000	-0.029269142467337	-0.98795779934375
6.6300000000000	-0.035191529796360	-0.98774739227341
6.6350000000000	-0.041112523511787	-0.98750146883613
6.6400000000000	-0.047031910545932	-0.98722003771769
6.6450000000000	-0.052949477882349	-0.98690310888250
6.6500000000000	-0.058865012563504	-0.98655069357324
6.6550000000000	-0.064778301698450	-0.98616280431059
6.6600000000000	-0.070689132470496	-0.98573945489281
6.6650000000000	-0.076597292144875	-0.98528066039532
6.6700000000000	-0.082502568076410	-0.98478643717026
6.6750000000000	-0.088404747717180	-0.98425680284595
6.6800000000000	-0.094303618624176	-0.98369177632636
6.6850000000000	-0.10019896846697	-0.98309137779046
6.6900000000000	-0.10609058503534	-0.98245562869160
6.6950000000000	-0.11197825624698	-0.98178455175681
6.7000000000000	-0.11786177015506	-0.98107817098603
6.7050000000000	-0.12374091495596	-0.98033651165136
6.7100000000000	-0.12961547899685	-0.97955960029619
6.7150000000000	-0.13548525078333	-0.97874746473435
6.7200000000000	-0.14135001898708	-0.97790013404914
6.7250000000000	-0.14720957245346	-0.97701763859239
6.7300000000000	-0.15306370020915	-0.97610000998344
6.7350000000000	-0.15891219146975	-0.97514728110807
6.7400000000000	-0.16475483564738	-0.97415948611736
6.7450000000000	-0.17059142235827	-0.97313666042660
6.7500000000000	-0.17642174143040	-0.97207884071401
6.7550000000000	-0.18224558291104	-0.97098606491955
6.7600000000000	-0.18806273707432	-0.96985837224361
6.7650000000000	-0.19387299442886	-0.96869580314567
6.7700000000000	-0.19967614572528	-0.96749839934291
6.7750000000000	-0.20547198196376	-0.96626620380877
6.7800000000000	-0.21126029440161	-0.96499926077153
6.7850000000000	-0.21704087456080	-0.96369761571271
6.7900000000000	-0.22281351423549	-0.96236131536557
6.7950000000000	-0.22857800549952	-0.96099040771346
6.8000000000000	-0.23433414071398	-0.95958494198819
6.8050000000000	-0.24008171253467	-0.95814496866830
6.8100000000000	-0.24582051391960	-0.95667053947736
6.8150000000000	-0.25155033813645	-0.95516170738210
6.8200000000000	-0.25727097877010	-0.95361852659068
6.8250000000000	-0.26298222973003	-0.95204105255070
6.8300000000000	-0.26868388525779	-0.95042934194736
6.8350000000000	-0.27437573993446	-0.94878345270143
6.8400000000000	-0.28005758868803	-0.94710344396728
6.8450000000000	-0.28572922680086	-0.94538937613077
6.8500000000000	-0.29139044991705	-0.94364131080720
6.8550000000000	-0.29704105404984	-0.94185931083912
6.8600000000000	-0.30268083558901	-0.94004344029414
6.8650000000000	-0.30830959130820	-0.93819376446273
6.8700000000000	-0.31392711837229	-0.93631034985587
6.8750000000000	-0.31953321434474	-0.93439326420278
6.8800000000000	-0.32512767719490	-0.93244257644854
6.8850000000000	-0.33071030530534	-0.93045835675163
6.8900000000000	-0.33628089747911	-0.92844067648155
6.8950000000000	-0.34183925294706	-0.92638960821624
6.9000000000000	-0.34738517137509	-0.92430522573958
6.9050000000000	-0.35291845287139	-0.92218760403876
6.9100000000000	-0.35843889799369	-0.92003681930170
6.9150000000000	-0.36394630775650	-0.91785294891432
6.9200000000000	-0.36944048363827	-0.91563607145785
6.9250000000000	-0.37492122758860	-0.91338626670606
6.9300000000000	-0.38038834203544	-0.91110361562243
6.9350000000000	-0.38584162989219	-0.90878820035733
6.9400000000000	-0.39128089456489	-0.90644010424510
6.9450000000000	-0.39670593995932	-0.90405941180113
6.9500000000000	-0.40211657048809	-0.90164620871887
6.9550000000000	-0.40751259107776	-0.89920058186680
6.9600000000000	-0.41289380717587	-0.89672261928540
6.9650000000000	-0.41826002475804	-0.89421241018399
6.9700000000000	-0.42361105033494	-0.89167004493760
6.9750000000000	-0.42894669095937	-0.88909561508380
6.9800000000000	-0.43426675423321	-0.88648921331944
6.9850000000000	-0.43957104831439	-0.88385093349736
6.9900000000000	-0.44485938192388	-0.88118087062310
6.9950000000000	-0.45013156435261	-0.87847912085152
7.0000000000000	-0.45538740546839	-0.87574578148340
7.0050000000000	-0.46062671572279	-0.87298095096201
7.0100000000000	-0.46584930615802	-0.87018472886957
7.0150000000000	-0.47105498841382	-0.86735721592380
7.0200000000000	-0.47624357473424	-0.86449851397429
7.0250000000000	-0.48141487797448	-0.86160872599891
7.0300000000000	-0.48656871160770	-0.85868795610016
7.0350000000000	-0.49170488973176	-0.85573630950146
7.0400000000000	-0.49682322707596	-0.85275389254344
7.0450000000000	-0.50192353900781	-0.84974081268016
7.0500000000000	-0.50700564153968	-0.84669717847529
7.0550000000000	-0.51206935133551	-0.84362309959822
7.0600000000000	-0.51711448571749	-0.84051868682024
7.0650000000000	-0.52214086267261	-0.83738405201053
7.0700000000000	-0.52714830085939	-0.83421930813223
7.0750000000000	-0.53213661961435	-0.83102456923841
7.0800000000000	-0.53710563895867	-0.82779995046800
7.0850000000000	-0.54205517960464	-0.82454556804171
7.0900000000000	-0.54698506296225	-0.82126153925789
7.0950000000000	-0.55189511114565	-0.81794798248837
7.1000000000000	-0.55678514697960	-0.81460501717423
7.1050000000000	-0.56165499400591	-0.81123276382153
7.1100000000000	-0.56650447648990	-0.80783134399705
7.1150000000000	-0.57133341942674	-0.80440088032397
7.1200000000000	-0.57614164854781	-0.80094149647745
7.1250000000000	-0.58092899032710	-0.79745331718028
7.1300000000000	-0.58569527198742	-0.79393646819837
7.1350000000000	-0.59044032150678	-0.79039107633635
7.1400000000000	-0.59516396762459	-0.78681726943296
7.1450000000000	-0.59986603984792	-0.78321517635656
7.1500000000000	-0.60454636845767	-0.77958492700050
7.1550000000000	-0.60920478451477	-0.77592665227848
7.1600000000000	-0.61384111986633	-0.77224048411989
7.1650000000000	-0.61845520715175	-0.76852655546513
7.1700000000000	-0.62304687980881	-0.76478500026078
7.1750000000000	-0.62761597207973	-0.76101595345493
7.1800000000000	-0.63216231901724	-0.75721955099226
7.1850000000000	-0.63668575649052	-0.75339592980923
7.1900000000000	-0.64118612119124	-0.74954522782922
7.1950000000000	-0.64566325063947	-0.74566758395751
7.2000000000000	-0.65011698318961	-0.74176313807641
7.2050000000000	-0.65454715803629	-0.73783203104022
7.2100000000000	-0.65895361522021	-0.73387440467017
7.2150000000000	-0.66333619563396	-0.72989040174941
7.2200000000000	-0.66769474102785	-0.72588016601782
7.2250000000000	-0.67202909401566	-0.72184384216697
7.2300000000000	-0.67633909808038	-0.71778157583485
7.2350000000000	-0.68062459757989	-0.71369351360071
7.2400000000000	-0.68488543775269	-0.70957980297982
7.2450000000000	-0.68912146472348	-0.70544059241815
7.2500000000000	-0.69333252550882	-0.70127603128709
7.2550000000000	-0.69751846802269	-0.69708626987810
7.2600000000000	-0.70167914108203	-0.69287145939732
7.2650000000000	-0.70581439441228	-0.68863175196013
7.2700000000000	-0.70992407865283	-0.68436730058577
7.2750000000000	-0.71400804536249	-0.68007825919177
7.2800000000000	-0.71806614702491	-0.67576478258851
7.2850000000000	-0.72209823705396	-0.67142702647363
7.2900000000000	-0.72610416979909	-0.66706514742648
7.2950000000000	-0.73008380055061	-0.66267930290247
7.3000000000000	-0.73403698554503	-0.65826965122746
7.3050000000000	-0.73796358197027	-0.65383635159207
7.3100000000000	-0.74186344797088	-0.64937956404595
7.3150000000000	-0.74573644265325	-0.64489944949209
7.3200000000000	-0.74958242609073	-0.64039616968100
7.3250000000000	-0.75340125932875	-0.63586988720495
7.3300000000000	-0.75719280438990	-0.63132076549209
7.3350000000000	-0.76095692427896	-0.62674896880063
7.3400000000000	-0.76469348298794	-0.62215466221290
7.3450000000000	-0.76840234550102	-0.61753801162949
7.3500000000000	-0.77208337779951	-0.61289918376323
7.3550000000000	-0.77573644686674	-0.60823834613323
7.3600000000000	-0.77936142069292	-0.60355566705887
7.3650000000000	-0.78295816827998	-0.59885131565377
7.3700000000000	-0.78652655964635	-0.59412546181967
7.3750000000000	-0.79006646583175	-0.58937827624039
7.3800000000000	-0.79357775890187	-0.58460993037563
7.3850000000000	-0.79706031195306	-0.57982059645488
7.3900000000000	-0.80051399911701	-0.57501044747117
7.3950000000000	-0.80393869556532	-0.57017965717491
7.4000000000000	-0.80733427751408	-0.56532840006760
7.4050000000000	-0.81070062222843	-0.56045685139559
7.4100000000000	-0.81403760802703	-0.55556518714374
7.4150000000000	-0.81734511428652	-0.55065358402915
7.4200000000000	-0.82062302144596	-0.54572221949478
7.4250000000000	-0.82387121101119	-0.54077127170304
7.4300000000000	-0.82708956555918	-0.53580091952943
7.4350000000000	-0.83027796874237	-0.53081134255609
7.4400000000000	-0.83343630529287	-0.52580272106533
7.4450000000000	-0.83656446102676	-0.52077523603315
7.4500000000000	-0.83966232284823	-0.51572906912274
7.4550000000000	-0.84272977875375	-0.51066440267795
7.4600000000000	-0.84576671783617	-0.50558141971669
7.4650000000000	-0.84877303028882	-0.50048030392438
7.4700000000000	-0.85174860740951	-0.49536123964734
7.4750000000000	-0.85469334160453	-0.49022441188613
7.4800000000000	-0.85760712639263	-0.48507000628890
7.4850000000000	-0.86048985640889	-0.47989820914474
7.4900000000000	-0.86334142740862	-0.47470920737691
7.4950000000000	-0.86616173627118	-0.46950318853616
7.5000000000000	-0.86895068100380	-0.46428034079396
7.5050000000000	-0.87170816074529	-0.45904085293572
7.5100000000000	-0.87443407576976	-0.45378491435400
7.5150000000000	-0.87712832749034	-0.44851271504166
7.5200000000000	-0.87979081846271	-0.44322444558508
7.5250000000000	-0.88242145238880	-0.43792029715721
7.5300000000000	-0.88502013412026	-0.43260046151074
7.5350000000000	-0.88758676966198	-0.42726513097117
7.5400000000000	-0.89012126617558	-0.42191449842990
7.5450000000000	-0.89262353198279	-0.41654875733724
7.5500000000000	-0.89509347656887	-0.41116810169546
7.5550000000000	-0.89753101058593	-0.40577272605181
7.5600000000000	-0.89993604585622	-0.40036282549148
7.5650000000000	-0.90230849537540	-0.39493859563060
7.5700000000000	-0.90464827331574	-0.38950023260914
7.5750000000000	-0.90695529502927	-0.38404793308388
7.5800000000000	-0.90922947705098	-0.37858189422130
7.5850000000000	-0.91147073710180	-0.37310231369046
7.5900000000000	-0.91367899409174	-0.36760938965590
7.5950000000000	-0.91585416812280	-0.36210332077047
7.6000000000000	-0.91799618049201	-0.35658430616817
7.6050000000000	-0.92010495369428	-0.35105254545695
7.6100000000000	-0.92218041142529	-0.34550823871154
7.6150000000000	-0.92422247858432	-0.33995158646619
7.6200000000000	-0.92623108127705	-0.33438278970750
7.6250000000000	-0.92820614681825	-0.32880204986707
7.6300000000000	-0.93014760373452	-0.32320956881434
7.6350000000000	-0.93205538176694	-0.31760554884920
7.6400000000000	-0.93392941187364	-0.31199019269476
7.6450000000000	-0.93576962623240	-0.30636370349000
7.6500000000000	-0.93757595824317	-0.30072628478246
7.6550000000000	-0.93934834253053	-0.29507814052085
7.6600000000000	-0.94108671494613	-0.28941947504772
7.6650000000000	-0.94279101257107	-0.28375049309208
7.6700000000000	-0.94446117371825	-0.27807139976198
7.6750000000000	-0.94609713793468	-0.27238240053715
7.6800000000000	-0.94769884600372	-0.26668370126151
7.6850000000000	-0.94926623994729	-0.26097550813580
7.6900000000000	-0.95079926302802	-0.25525802771010
7.6950000000000	-0.95229785975143	-0.24953146687636
7.7000000000000	-0.95376197586794	-0.24379603286095
7.7050000000000	-0.95519155837491	-0.23805193321716
7.7100000000000	-0.95658655551868	-0.23229937581767
7.7150000000000	-0.95794691679643	-0.22653856884711
7.7200000000000	-0.95927259295814	-0.22076972079447
7.7250000000000	-0.96056353600841	-0.21499304044558
7.7300000000000	-0.96181969920828	-0.20920873687559
7.7350000000000	-0.96304103707697	-0.20341701944137
7.7400000000000	-0.96422750539361	-0.19761809777398
7.7450000000000	-0.96537906119889	-0.19181218177107
7.7500000000000	-0.96649566279673	-0.18599948158929
7.7550000000000	-0.96757726975579	-0.18018020763671
7.7600000000000	-0.96862384291105	-0.17435457056517
7.7650000000000	-0.96963534436527	-0.16852278126273
7.7700000000000	-0.97061173749047	-0.16268505084596
7.7750000000000	-0.97155298692925	-0.15684159065236
7.7800000000000	-0.97245905859624	-0.15099261223270
7.7850000000000	-0.97332991967930	-0.14513832734338
7.7900000000000	-0.97416553864083	-0.13927894793873
7.7950000000000	-0.97496588521901	-0.13341468616338
7.8000000000000	-0.97573093042888	-0.12754575434458
7.8050000000000	-0.97646064656353	-0.12167236498449
7.8100000000000	-0.97715500719515	-0.11579473075251
7.8150000000000	-0.97781398717604	-0.10991306447760
7.8200000000000	-0.97843756263961	-0.10402757914051
7.8250000000000	-0.97902571100131	-0.098138487866167
7.8300000000000	-0.97957841095951	-0.092246003915880
7.8350000000000	-0.98009564249633	-0.086350340679657
7.8400000000000	-0.98057738687846	-0.080451711668467
7.8450000000000	-0.98102362665790	-0.074550330506515
7.8500000000000	-0.98143434567264	-0.068646410923506
7.8550000000000	-0.98180952904734	-0.062740166746897
7.8600000000000	-0.98214916319393	-0.056831811894163
7.8650000000000	-0.98245323581214	-0.050921560365039
7.8700000000000	-0.98272173589010	-0.045009626233782
7.8750000000000	-0.98295465370469	-0.039096223641403
7.8800000000000	-0.98315198082208	-0.033181566787912
7.8850000000000	-0.98331371009800	-0.027265869924565
7.8900000000000	-0.98343983567816	-0.021349347346088
7.8950000000000	-0.98353035299845	-0.015432213382927
7.9000000000000	-0.98358525878524	-0.0095146823934671
7.9050000000000	-0.98360455105554	-0.0035969687562714
7.9100000000000	-0.98358822911712	0.0023207131376945
7.9150000000000	-0.98353629356866	0.0082381488928242
7.9200000000000	-0.98344874629975	0.014155124116653
7.9250000000000	-0.98332559049091	0.020071424427625
7.9300000000000	-0.98316683061354	0.025986835462866
7.9350000000000	-0.98297247242983	0.031901142885959
7.9400000000000	-0.98274252299262	0.037814132394710
7.9450000000000	-0.98247699064522	0.043725589728932
7.9500000000000	-0.98217588502117	0.049635300678199
7.9550000000000	-0.98183921704397	0.055543051089629
7.9600000000000	-0.98146699892674	0.061448626875648
7.9650000000000	-0.98105924417186	0.067351814021753
7.9700000000000	-0.98061596757055	0.073252398594284
7.9750000000000	-0.98013718520238	0.079150166748175
7.9800000000000	-0.97962291443482	0.085044904734725
7.9850000000000	-0.97907317392258	0.090936398909348
7.9900000000000	-0.97848798360713	0.096824435739331
7.9950000000000	-0.97786736471591	0.10270880181158
8.0000000000000	-0.97721133976176	0.10858928384035
8.0050000000000	-0.97651993254207	0.11446566867504
8.0100000000000	-0.97579316813807	0.12033774330788
8.0150000000000	-0.97503107291393	0.12620529488166
8.0200000000000	-0.97423367451589	0.13206811069751
8.0250000000000	-0.97340100187137	0.13792597822259
8.0300000000000	-0.97253308518791	0.14377868509779
8.0350000000000	-0.97162995595224	0.14962601914549
8.0400000000000	-0.97069164692913	0.15546776837723
8.0450000000000	-0.96971819216032	0.16130372100142
8.0500000000000	-0.96870962696331	0.16713366543106
8.0550000000000	-0.96766598793023	0.17295739029136
8.0600000000000	-0.96658731292647	0.17877468442751
8.0650000000000	-0.96547364108950	0.18458533691229
8.0700000000000	-0.96432501282741	0.19038913705374
8.0750000000000	-0.96314146981759	0.19618587440286
8.0800000000000	-0.96192305500527	0.20197533876122
8.0850000000000	-0.96066981260200	0.20775732018859
8.0900000000000	-0.95938178808417	0.21353160901064
8.0950000000000	-0.95805902819139	0.21929799582648
8.1000000000000	-0.95670158092486	0.22505627151632
8.1050000000000	-0.95530949554576	0.23080622724909
8.1100000000000	-0.95388282257345	0.23654765449000
8.1150000000000	-0.95242161378376	0.24228034500813
8.1200000000000	-0.95092592220719	0.24800409088403
8.1250000000000	-0.94939580212699	0.25371868451725
8.1300000000000	-0.94783130907735	0.25942391863393
8.1350000000000	-0.94623249984138	0.26511958629430
8.1400000000000	-0.94459943244916	0.27080548090026
8.1450000000000	-0.94293216617570	0.27648139620286
8.1500000000000	-0.94123076153884	0.28214712630982
8.1550000000000	-0.93949528029714	0.28780246569301
8.1600000000000	-0.93772578544771	0.29344720919599
8.1650000000000	-0.93592234122398	0.29908115204140
8.1700000000000	-0.93408501309345	0.30470408983846
8.1750000000000	-0.93221386775536	0.31031581859043
8.1800000000000	-0.93030897313840	0.31591613470198
8.1850000000000	-0.92837039839822	0.32150483498668
8.1900000000000	-0.92639821391507	0.32708171667434
8.1950000000000	-0.92439249129127	0.33264657741844
8.2000000000000	-0.92235330334871	0.33819921530346
8.2050000000000	-0.92028072412624	0.34373942885230
8.2100000000000	-0.91817482887707	0.34926701703356
8.2150000000000	-0.91603569406611	0.35478177926890
8.2200000000000	-0.91386339736726	0.36028351544035
8.2250000000000	-0.91165801766065	0.36577202589758
8.2300000000000	-0.90941963502985	0.37124711146523
8.2350000000000	-0.90714833075902	0.37670857345011
8.2400000000000	-0.90484418733005	0.38215621364853
8.2450000000000	-0.90250728841960	0.38758983435341
8.2500000000000	-0.90013771889617	0.39300923836162
8.2550000000000	-0.89773556481705	0.39841422898107
8.2600000000000	-0.89530091342525	0.40380461003796
8.2650000000000	-0.89283385314646	0.40918018588390
8.2700000000000	-0.89033447358583	0.41454076140305
8.2750000000000	-0.88780286552485	0.41988614201926
8.2800000000000	-0.88523912091806	0.42521613370315
8.2850000000000	-0.88264333288981	0.43053054297922
8.2900000000000	-0.88001559573095	0.43582917693289
8.2950000000000	-0.87735600489543	0.44111184321757
8.3000000000000	-0.87466465699695	0.44637835006165
8.3050000000000	-0.87194164980546	0.45162850627552
8.3100000000000	-0.86918708224373	0.45686212125858
8.3150000000000	-0.86640105438378	0.46207900500615
8.3200000000000	-0.86358366744330	0.46727896811648
8.3250000000000	-0.86073502378208	0.47246182179759
8.3300000000000	-0.85785522689834	0.47762737787424
8.3350000000000	-0.85494438142498	0.48277544879479
8.3400000000000	-0.85200259312594	0.48790584763801
8.3450000000000	-0.84902996889231	0.49301838811999
8.3500000000000	-0.84602661673860	0.49811288460088
8.3550000000000	-0.84299264579881	0.50318915209173
8.3600000000000	-0.83992816632259	0.50824700626124
8.3650000000000	-0.83683328967121	0.51328626344249
8.3700000000000	-0.83370812831366	0.51830674063965
8.3750000000000	-0.83055279582257	0.52330825553474
8.3800000000000	-0.82736740687015	0.52829062649420
8.3850000000000	-0.82415207722411	0.53325367257563
8.3900000000000	-0.82090692374346	0.53819721353437
8.3950000000000	-0.81763206437436	0.54312106983009
8.4000000000000	-0.81432761814591	0.54802506263338
8.4050000000000	-0.81099370516581	0.55290901383229
8.4100000000000	-0.80763044661613	0.55777274603888
8.4150000000000	-0.80423796474889	0.56261608259566
8.4200000000000	-0.80081638288175	0.56743884758212
8.4250000000000	-0.79736582539351	0.57224086582112
8.4300000000000	-0.79388641771968	0.57702196288537
8.4350000000000	-0.79037828634798	0.58178196510377
8.4400000000000	-0.78684155881379	0.58652069956780
8.4450000000000	-0.78327636369553	0.59123799413784
8.4500000000000	-0.77968283061011	0.59593367744951
8.4550000000000	-0.77606109020821	0.60060757891991
8.4600000000000	-0.77241127416961	0.60525952875393
8.4650000000000	-0.76873351519845	0.60988935795042
8.4700000000000	-0.76502794701844	0.61449689830842
8.4750000000000	-0.76129470436808	0.61908198243333
8.4800000000000	-0.75753392299576	0.62364444374304
8.4850000000000	-0.75374573965495	0.62818411647405
8.4900000000000	-0.74993029209919	0.63270083568756
8.4950000000000	-0.74608771907719	0.63719443727550
8.5000000000000	-0.74221816032781	0.64166475796655
8.5050000000000	-0.73832175657501	0.64611163533220
8.5100000000000	-0.73439864952283	0.65053490779262
8.5150000000000	-0.73044898185020	0.65493441462266
8.5200000000000	-0.72647289720588	0.65930999595772
8.5250000000000	-0.72247054020323	0.66366149279963
8.5300000000000	-0.71844205641501	0.66798874702249
8.5350000000000	-0.71438759236811	0.67229160137851
8.5400000000000	-0.71030729553830	0.67656989950371
8.5450000000000	-0.70620131434487	0.68082348592375
8.5500000000000	-0.70206979814531	0.68505220605960
8.5550000000000	-0.69791289722987	0.68925590623322
8.5600000000000	-0.69373076281616	0.69343443367323
8.5650000000000	-0.68952354704372	0.69758763652051
8.5700000000000	-0.68529140296845	0.70171536383380
8.5750000000000	-0.68103448455715	0.70581746559521
8.5800000000000	-0.67675294668191	0.70989379271581
8.5850000000000	-0.67244694511455	0.71394419704102
8.5900000000000	-0.66811663652095	0.71796853135616
8.5950000000000	-0.66376217845540	0.72196664939179
8.6000000000000	-0.65938372935492	0.72593840582911
8.6050000000000	-0.65498144853351	0.72988365630533
8.6100000000000	-0.65055549617639	0.73380225741897
8.6150000000000	-0.64610603333421	0.73769406673514
8.6200000000000	-0.64163322191722	0.74155894279075
8.6250000000000	-0.63713722468939	0.74539674509978
8.6300000000000	-0.63261820526254	0.74920733415841
8.6350000000000	-0.62807632809044	0.75299057145015
8.6400000000000	-0.62351175846278	0.75674631945098
8.6450000000000	-0.61892466249927	0.76047444163437
8.6500000000000	-0.61431520714355	0.76417480247635
8.6550000000000	-0.60968356015720	0.76784726746047
8.6600000000000	-0.60502989011361	0.77149170308276
8.6650000000000	-0.60035436639191	0.77510797685668
8.6700000000000	-0.59565715917082	0.77869595731796
8.6750000000000	-0.59093843942247	0.78225551402945
8.6800000000000	-0.58619837890620	0.78578651758597
8.6850000000000	-0.58143715016236	0.78928883961902
8.6900000000000	-0.57665492650601	0.79276235280156
8.6950000000000	-0.57185188202068	0.79620693085266
8.7000000000000	-0.56702819155203	0.79962244854221
8.7050000000000	-0.56218403070147	0.80300878169546
8.7100000000000	-0.55731957581989	0.80636580719768
8.7150000000000	-0.55243500400114	0.80969340299866
8.7200000000000	-0.54753049307569	0.81299144811718
8.7250000000000	-0.54260622160415	0.81625982264555
8.7300000000000	-0.53766236887076	0.81949840775395
8.7350000000000	-0.53269911487693	0.82270708569487
8.7400000000000	-0.52771664033465	0.82588573980743
8.7450000000000	-0.52271512665999	0.82903425452167
8.7500000000000	-0.51769475596646	0.83215251536285
8.7550000000000	-0.51265571105842	0.83524040895565
8.7600000000000	-0.50759817542441	0.83829782302833
8.7650000000000	-0.50252233323056	0.84132464641694
8.7700000000000	-0.49742836931381	0.84432076906934
8.7750000000000	-0.49231646917524	0.84728608204932
8.7800000000000	-0.48718681897333	0.85022047754061
8.7850000000000	-0.48203960551718	0.85312384885082
8.7900000000000	-0.47687501625975	0.85599609041544
8.7950000000000	-0.47169323929099	0.85883709780169
8.8000000000000	-0.46649446333109	0.86164676771238
8.8050000000000	-0.46127887772352	0.86442499798974
8.8100000000000	-0.45604667242826	0.86717168761919
8.8150000000000	-0.45079803801477	0.86988673673305
8.8200000000000	-0.44553316565519	0.87257004661424
8.8250000000000	-0.44025224711728	0.87522151969994
8.8300000000000	-0.43495547475752	0.87784105958516
8.8350000000000	-0.42964304151409	0.88042857102633
8.8400000000000	-0.42431514089985	0.88298395994478
8.8450000000000	-0.41897196699532	0.88550713343027
8.8500000000000	-0.41361371444162	0.88799799974436
8.8550000000000	-0.40824057843338	0.89045646832387
8.8600000000000	-0.40285275471166	0.89288244978414
8.8650000000000	-0.39745043955680	0.89527585592241
8.8700000000000	-0.39203382978135	0.89763659972102
8.8750000000000	-0.38660312272283	0.89996459535068
8.8800000000000	-0.38115851623663	0.90225975817359
8.8850000000000	-0.37570020868874	0.90452200474660
8.8900000000000	-0.37022839894863	0.90675125282429
8.8950000000000	-0.36474328638192	0.90894742136200
8.9000000000000	-0.35924507084320	0.91111043051885
8.9050000000000	-0.35373395266876	0.91324020166066
8.9100000000000	-0.34821013266925	0.91533665736287
8.9150000000000	-0.34267381212244	0.91739972141343
8.9200000000000	-0.33712519276589	0.91942931881560
8.9250000000000	-0.33156447678957	0.92142537579069
8.9300000000000	-0.32599186682857	0.92338781978088
8.9350000000000	-0.32040756595571	0.92531657945180
8.9400000000000	-0.31481177767414	0.92721158469527
8.9450000000000	-0.30920470590996	0.92907276663183
8.9500000000000	-0.30358655500482	0.93090005761331
8.9550000000000	-0.29795752970846	0.93269339122537
8.9600000000000	-0.29231783517130	0.93445270228990
8.9650000000000	-0.28666767693695	0.93617792686752
8.9700000000000	-0.28100726093478	0.93786900225987
8.9750000000000	-0.27533679347241	0.93952586701200
8.9800000000000	-0.26965648122820	0.94114846091461
8.9850000000000	-0.26396653124378	0.94273672500634
8.9900000000000	-0.25826715091650	0.94429060157590
8.9950000000000	-0.25255854799188	0.94581003416427
9.0000000000000	-0.24684093055610	0.94729496756677
9.0050000000000	-0.24111450702842	0.94874534783514
9.0100000000000	-0.23537948615359	0.95016112227954
9.0150000000000	-0.22963607699431	0.95154223947051
9.0200000000000	-0.22388448892359	0.95288864924091
9.0250000000000	-0.21812493161717	0.95420030268778
9.0300000000000	-0.21235761504590	0.95547715217420
9.0350000000000	-0.20658274946811	0.95671915133102
9.0400000000000	-0.20080054542198	0.95792625505866
9.0450000000000	-0.19501121371788	0.95909841952876
9.0500000000000	-0.18921496543072	0.96023560218586
9.0550000000000	-0.18341201189229	0.96133776174899
9.0600000000000	-0.17760256468358	0.96240485821323
9.0650000000000	-0.17178683562710	0.96343685285121
9.0700000000000	-0.16596503677918	0.96443370821459
9.0750000000000	-0.16013738042226	0.96539538813551
9.0800000000000	-0.15430407905721	0.96632185772790
9.0850000000000	-0.14846534539560	0.96721308338887
9.0900000000000	-0.14262139235195	0.96806903279996
9.0950000000000	-0.13677243303604	0.96888967492840
9.1000000000000	-0.13091868074512	0.96967498002829
9.1050000000000	-0.12506034895623	0.97042491964175
9.1100000000000	-0.11919765131838	0.97113946660005
9.1150000000000	-0.11333080164482	0.97181859502460
9.1200000000000	-0.10746001390529	0.97246228032803
9.1250000000000	-0.10158550221822	0.97307049921515
9.1300000000000	-0.095707480842955	0.97364322968379
9.1350000000000	-0.089826164171979	0.97418045102580
9.1400000000000	-0.083941766723131	0.97468214382776
9.1450000000000	-0.078054503131799	0.97514828997185
9.1500000000000	-0.072164588143121	0.97557887263651
9.1550000000000	-0.066272236604184	0.97597387629721
9.1600000000000	-0.060377663456223	0.97633328672704
9.1650000000000	-0.054481083726785	0.97665709099733
9.1700000000000	-0.048582712521932	0.97694527747818
9.1750000000000	-0.042682765018412	0.97719783583902
9.1800000000000	-0.036781456455833	0.97741475704901
9.1850000000000	-0.030879002128837	0.97759603337750
9.1900000000000	-0.024975617379253	0.97774165839437
9.1950000000000	-0.019071517588298	0.97785162697038
9.2000000000000	-0.013166918168692	0.97792593527742
9.2050000000000	-0.0072620345568495	0.97796458078876
9.2100000000000	-0.0013570822050245	0.97796756227923
9.2150000000000	0.0045477234265332	0.97793487982537
9.2200000000000	0.010452166877425	0.97786653480548
9.2250000000000	0.016356032694961	0.97776252989974
9.2300000000000	0.022259105441994	0.97762286909012
9.2350000000000	0.028161169704791	0.97744755766042
9.2400000000000	0.034062010100874	0.97723660219611
9.2450000000000	0.039961411286884	0.97699001058423
9.2500000000000	0.045859157966422	0.97670779201318
9.2550000000000	0.051755034897926	0.97638995697251
9.2600000000000	0.057648826902515	0.97603651725261
9.2650000000000	0.063540318871835	0.97564748594441
9.2700000000000	0.069429295775935	0.97522287743900
9.2750000000000	0.075315542671111	0.97476270742720
9.2800000000000	0.081198844707763	0.97426699289910
9.2850000000000	0.087078987138242	0.97373575214353
9.2900000000000	0.092955755324721	0.97316900474754
9.2950000000000	0.098828934747025	0.97256677159573
9.3000000000000	0.10469831101049	0.97192907486963
9.3050000000000	0.11056366985382	0.97125593804702
9.3100000000000	0.11642479715690	0.97054738590112
9.3150000000000	0.12228147894868	0.96980344449981
9.3200000000000	0.12813350141498	0.96902414120484
9.3250000000000	0.13398065090635	0.96820950467084
9.3300000000000	0.13982271394589	0.96735956484445
9.3350000000000	0.14565947723707	0.96647435296331
9.3400000000000	0.15149072767160	0.96555390155500
9.3450000000000	0.15731625233719	0.96459824443600
9.3500000000000	0.16313583852540	0.96360741671050
9.3550000000000	0.16894927373944	0.96258145476926
9.3600000000000	0.17475634570201	0.96152039628837
9.3650000000000	0.18055684236304	0.96042428022797
9.3700000000000	0.18635055190754	0.95929314683091
9.3750000000000	0.19213726276334	0.95812703762139
9.3800000000000	0.19791676360893	0.95692599540355
9.3850000000000	0.20368884338117	0.95569006425995
9.3900000000000	0.20945329128310	0.95441928955011
9.3950000000000	0.21520989679171	0.95311371790890
9.4000000000000	0.22095844966562	0.95177339724494
9.4050000000000	0.22669873995294	0.95039837673893
9.4100000000000	0.23243055799887	0.94898870684194
9.4150000000000	0.23815369445355	0.94754443927362
9.4200000000000	0.24386794027969	0.94606562702046
9.4250000000000	0.24957308676033	0.94455232433383
9.4300000000000	0.25526892550647	0.94300458672817
9.4350000000000	0.26095524846486	0.94142247097895
9.4400000000000	0.26663184792556	0.93980603512074
9.4450000000000	0.27229851652969	0.93815533844509
9.4500000000000	0.27795504727704	0.93647044149846
9.4550000000000	0.28360123353372	0.93475140608009
9.4600000000000	0.28923686903978	0.93299829523976
9.4650000000000	0.29486174791684	0.93121117327555
9.4700000000000	0.30047566467567	0.92939010573158
9.4750000000000	0.30607841422381	0.92753515939561
9.4800000000000	0.31166979187311	0.92564640229671
9.4850000000000	0.31724959334729	0.92372390370277
9.4900000000000	0.32281761478953	0.92176773411804
9.4950000000000	0.32837365276994	0.91977796528057
9.5000000000000	0.33391750429310	0.91775467015966
9.5050000000000	0.33944896680557	0.91569792295321
9.5100000000000	0.34496783820336	0.91360779908502
9.5150000000000	0.35047391683938	0.91148437520210
9.5200000000000	0.35596700153091	0.90932772917188
9.5250000000000	0.36144689156703	0.90713794007939
9.5300000000000	0.36691338671600	0.90491508822439
9.5350000000000	0.37236628723270	0.90265925511845
9.5400000000000	0.37780539386598	0.90037052348201
9.5450000000000	0.38323050786601	0.89804897724133
9.5500000000000	0.38864143099163	0.89569470152549
9.5550000000000	0.39403796551768	0.89330778266324
9.5600000000000	0.39941991424226	0.89088830817989
9.5650000000000	0.40478708049404	0.88843636679407
9.5700000000000	0.41013926813950	0.88595204841455
9.5750000000000	0.41547628159018	0.88343544413690
9.5800000000000	0.42079792580988	0.88088664624020
9.5850000000000	0.42610400632185	0.87830574818363
9.5900000000000	0.43139432921597	0.87569284460310
9.5950000000000	0.43666870115589	0.87304803130771
9.6000000000000	0.44192692938616	0.87037140527631
9.6050000000000	0.44716882173934	0.86766306465390
9.6100000000000	0.45239418664303	0.86492310874807
9.6150000000000	0.45760283312701	0.86215163802531
9.6200000000000	0.46279457083018	0.85934875410736
9.6250000000000	0.46796921000762	0.85651455976746
9.6300000000000	0.47312656153756	0.85364915892661
9.6350000000000	0.47826643692833	0.85075265664969
9.6400000000000	0.48338864832530	0.84782515914167
9.6450000000000	0.48849300851776	0.84486677374365
9.6500000000000	0.49357933094583	0.84187760892897
9.6550000000000	0.49864742970731	0.83885777429916
9.6600000000000	0.50369711956448	0.83580738057999
9.6650000000000	0.50872821595092	0.83272653961732
9.6700000000000	0.51374053497830	0.82961536437304
9.6750000000000	0.51873389344306	0.82647396892088
9.6800000000000	0.52370810883324	0.82330246844228
9.6850000000000	0.52866299933504	0.82010097922207
9.6900000000000	0.53359838383959	0.81686961864426
9.6950000000000	0.53851408194952	0.81360850518770
9.7000000000000	0.54340991398561	0.81031775842172
9.7050000000000	0.54828570099333	0.80699749900175
9.7100000000000	0.55314126474939	0.80364784866488
9.7150000000000	0.55797642776830	0.80026893022537
9.7200000000000	0.56279101330882	0.79686086757018
9.7250000000000	0.56758484538044	0.79342378565436
9.7300000000000	0.57235774874979	0.78995781049651
9.7350000000000	0.57710954894706	0.78646306917413
9.7400000000000	0.58184007227237	0.78293968981896
9.7450000000000	0.58654914580210	0.77938780161227
9.7500000000000	0.59123659739520	0.77580753478013
9.7550000000000	0.59590225569948	0.77219902058862
9.7600000000000	0.60054595015784	0.76856239133903
9.7650000000000	0.60516751101449	0.76489778036300
9.7700000000000	0.60976676932117	0.76120532201762
9.7750000000000	0.61434355694323	0.75748515168053
9.7800000000000	0.61889770656582	0.75373740574493
9.7850000000000	0.62342905169994	0.74996222161464
9.7900000000000	0.62793742668853	0.74615973769899
9.7950000000000	0.63242266671246	0.74233009340782
9.8000000000000	0.63688460779653	0.73847342914635
9.8050000000000	0.64132308681546	0.73458988631003
9.8100000000000	0.64573794149977	0.73067960727942
9.8150000000000	0.65012901044172	0.72674273541492
9.8200000000000	0.65449613310113	0.72277941505160
9.8250000000000	0.65883914981123	0.71878979149386
9.8300000000000	0.66315790178446	0.71477401101018
9.8350000000000	0.66745223111821	0.71073222082775
9.8400000000000	0.67172198080056	0.70666456912711
9.8450000000000	0.67596699471596	0.70257120503674
9.8500000000000	0.68018711765092	0.69845227862764
9.8550000000000	0.68438219529959	0.69430794090783
9.8600000000000	0.68855207426938	0.69013834381688
9.8650000000000	0.69269660208650	0.68594364022036
9.8700000000000	0.69681562720150	0.68172398390428
9.8750000000000	0.70090899899473	0.67747952956949
9.8800000000000	0.70497656778180	0.67321043282608
9.8850000000000	0.70901818481903	0.66891685018767
9.8900000000000	0.71303370230875	0.66459893906579
9.8950000000000	0.71702297340473	0.66025685776409
9.9000000000000	0.72098585221744	0.65589076547266
9.9050000000000	0.72492219381935	0.65150082226220
9.9100000000000	0.72883185425014	0.64708718907826
9.9150000000000	0.73271469052192	0.64265002773534
9.9200000000000	0.73657056062441	0.63818950091110
9.9250000000000	0.74039932353003	0.63370577214040
9.9300000000000	0.74420083919903	0.62919900580943
9.9350000000000	0.74797496858453	0.62466936714970
9.9400000000000	0.75172157363755	0.62011702223213
9.9450000000000	0.75544051731199	0.61554213796099
9.9500000000000	0.75913166356956	0.61094488206789
9.9550000000000	0.76279487738472	0.60632542310569
9.9600000000000	0.76643002474954	0.60168393044245
9.9650000000000	0.77003697267853	0.59702057425530
9.9700000000000	0.77361558921344	0.59233552552427
9.9750000000000	0.77716574342804	0.58762895602616
9.9800000000000	0.78068730543281	0.58290103832832
9.9850000000000	0.78418014637965	0.57815194578243
9.9900000000000	0.78764413846655	0.57338185251827
9.9950000000000	0.79107915494215	0.56859093343742
10.000000000000	0.79448507011033	0.56377936420700
